9235.6;0.01;656.357;9234.9;0.01;299.748;9240.1;0.01;392.607;9238.0;0.026;120.448;2020-10-07 17:45
9242.1;0.01;656.076;9244.9;0.01;293.842;9248.3;0.01;392.922;9248.0;0.003;120.635;2020-10-07 18:00
9226.2;0.01;657.757;9227.1;0.01;294.341;9230.2;0.01;392.995;9227.2;0.003;120.724;2020-10-07 18:15
9216.4;0.01;656.595;9215.1;0.01;293.042;9217.0;0.01;391.051;9212.7;0.003;120.083;2020-10-07 18:30
9221.1;0.01;657.028;9222.1;0.01;294.557;9227.2;0.01;390.997;9222.4;0.003;120.646;2020-10-07 18:45
9223.7;0.01;656.97;9222.4;0.01;295.124;9226.3;0.01;392.526;9221.8;0.003;120.659;2020-10-07 19:00
9210.2;0.01;656.125;9212.1;0.01;294.362;9217.9;0.01;390.454;9213.5;0.003;120.602;2020-10-07 19:15
9206.6;0.01;655.529;9207.0;0.01;294.082;9208.8;0.01;389.174;9205.8;0.003;120.162;2020-10-07 19:30
9218.5;0.01;655.675;9219.5;0.01;294.247;9221.1;0.01;390.014;9217.5;0.003;120.24;2020-10-07 19:46
9218.9;0.01;655.217;9218.8;0.01;294.273;9220.6;0.01;390.611;9218.2;0.003;120.333;2020-10-07 20:01
9223.0;0.01;654.828;9223.6;0.01;294.084;9224.6;0.01;390.951;9222.7;0.003;120.471;2020-10-07 20:16
9211.6;0.01;654.197;9212.8;0.01;294.149;9211.8;0.01;390.402;9208.3;0.003;120.376;2020-10-07 20:31
9213.9;0.01;654.069;9214.3;0.01;294.51;9216.8;0.01;390.456;9211.8;0.003;120.287;2020-10-07 20:46
9217.6;0.01;653.737;9217.5;0.01;294.95;9220.0;0.01;391.092;9218.2;0.003;120.325;2020-10-07 21:01
9221.2;0.01;653.916;9222.9;0.01;295.189;9225.7;0.01;392.399;9220.5;0.003;120.412;2020-10-07 21:16
9232.3;0.01;652.59;9232.9;0.01;296.694;9233.3;0.01;392.187;9229.8;0.003;120.379;2020-10-07 21:31
9238.8;0.01;651.777;9233.6;0.01;296.874;9234.2;0.01;391.704;9230.2;0.003;120.495;2020-10-07 21:47
9237.8;0.01;651.117;9237.2;0.01;296.977;9239.9;0.01;391.79;9234.0;0.003;120.491;2020-10-07 22:02
9244.1;0.01;651.744;9244.0;0.01;297.246;9247.2;0.01;391.96;9239.7;0.003;120.562;2020-10-07 22:17
9251.0;0.01;652.639;9250.6;0.01;297.445;9251.2;0.01;392.705;9248.3;0.003;120.427;2020-10-07 22:32
9235.5;0.01;649.612;9234.2;0.01;298.128;9235.4;0.01;393.555;9232.0;0.003;120.519;2020-10-07 22:47
9235.0;0.01;649.815;9235.1;0.01;298.77;9233.2;0.01;392.552;9230.7;0.003;120.47;2020-10-07 23:02
9224.5;0.01;649.934;9222.6;0.01;298.385;9223.6;0.01;390.927;9223.3;0.003;120.217;2020-10-07 23:17
9222.8;0.01;649.358;9222.9;0.01;297.617;9222.8;0.01;390.799;9222.6;0.003;120.014;2020-10-07 23:32
9221.8;0.01;649.394;9221.0;0.01;298.708;9219.4;0.01;389.968;9217.0;0.003;120.026;2020-10-07 23:48
9220.1;0.01;649.472;9220.0;0.01;298.792;9219.6;0.01;390.891;9218.0;0.003;119.942;2020-11-07 00:03
9218.8;0.01;649.521;9220.5;0.01;301.364;9220.4;0.01;391.007;9218.0;0.003;120.172;2020-11-07 00:18
9242.9;0.01;650.034;9242.3;0.01;300.328;9241.5;0.01;391.014;9239.1;0.003;119.916;2020-11-07 00:33
9235.0;0.01;649.885;9235.4;0.01;300.3;9233.4;0.01;390.768;9231.7;0.003;119.919;2020-11-07 00:48
9230.5;0.01;649.544;9231.2;0.01;299.385;9228.0;0.01;390.136;9229.3;0.003;120.032;2020-11-07 01:03
9245.5;0.01;649.83;9245.2;0.01;299.075;9246.0;0.01;390.305;9245.0;0.003;120.585;2020-11-07 01:18
9309.2;0.01;638.857;9308.1;0.01;292.031;9303.3;0.01;383.732;9306.8;0.003;118.984;2020-11-07 01:33
9286.0;0.01;640.859;9285.4;0.01;295.617;9284.5;0.01;380.239;9287.5;0.003;118.903;2020-11-07 01:49
9296.7;0.01;640.724;9296.9;0.01;299.147;9292.4;0.01;380.248;9295.6;-0.008;118.804;2020-11-07 02:04
9279.1;0.01;641.252;9278.9;0.01;301.133;9277.5;0.01;378.269;9279.2;-0.008;119.072;2020-11-07 02:19
9286.2;0.01;642.213;9286.6;0.01;300.809;9287.0;0.01;378.738;9290.6;-0.008;119.097;2020-11-07 02:34
9288.4;0.01;641.72;9289.0;0.01;301.096;9287.6;0.01;378.284;9289.1;-0.008;119.136;2020-11-07 02:49
9277.8;0.01;642.287;9278.3;0.01;300.585;9278.4;0.01;373.619;9277.4;-0.008;119.194;2020-11-07 03:04
9271.8;0.01;642.136;9272.5;0.01;301.107;9270.0;0.01;373.328;9270.6;-0.008;119.224;2020-11-07 03:19
9271.6;0.01;641.814;9272.0;0.01;301.605;9271.2;0.01;374.101;9271.7;-0.008;119.183;2020-11-07 03:34
9275.9;0.01;641.921;9275.7;0.01;301.356;9275.8;0.01;374.438;9277.2;-0.008;119.255;2020-11-07 03:49
9281.7;0.01;641.482;9281.7;0.01;302.755;9282.3;0.01;374.214;9283.4;-0.008;119.472;2020-11-07 04:05
9274.7;0.01;641.174;9274.2;0.01;302.536;9275.1;0.01;373.949;9274.5;-0.008;119.565;2020-11-07 04:20
9274.6;0.01;641.316;9274.8;0.01;302.697;9275.5;0.01;374.021;9275.1;-0.008;119.413;2020-11-07 04:35
9272.2;0.01;641.106;9272.6;0.01;302.18;9275.3;0.01;374.837;9275.8;-0.008;119.502;2020-11-07 04:50
9280.7;0.01;641.287;9280.6;0.01;301.94;9282.1;0.01;375.224;9281.4;-0.008;119.528;2020-11-07 05:05
9283.8;0.01;640.877;9282.7;0.01;301.469;9285.9;0.01;374.528;9284.1;-0.008;119.467;2020-11-07 05:20
9276.5;0.01;640.526;9276.3;0.01;302.624;9277.2;0.01;373.758;9276.7;-0.008;119.756;2020-11-07 05:35
9261.8;0.01;641.267;9262.3;0.01;303.107;9262.5;0.01;372.637;9260.8;-0.008;119.613;2020-11-07 05:50
9257.1;0.01;641.153;9256.7;0.01;304.596;9259.1;0.01;371.726;9257.8;-0.008;119.749;2020-11-07 06:06
9269.8;0.01;642.858;9268.6;0.01;304.523;9268.1;0.01;372.896;9266.6;-0.008;119.736;2020-11-07 06:21
9270.8;0.01;643.256;9270.5;0.01;307.595;9273.6;0.01;372.674;9271.2;-0.008;119.873;2020-11-07 06:36
9265.3;0.01;641.794;9264.8;0.01;307.251;9265.0;0.01;372.606;9263.7;-0.008;119.769;2020-11-07 06:51
9260.0;0.01;639.009;9258.3;0.01;306.682;9261.6;0.01;373.757;9261.7;-0.008;119.926;2020-11-07 07:06
9272.0;0.01;639.7;9271.4;0.01;308.594;9273.0;0.01;374.568;9272.6;-0.008;119.763;2020-11-07 07:21
9268.2;0.01;638.124;9267.2;0.01;308.011;9269.7;0.01;374.217;9270.7;-0.008;119.718;2020-11-07 07:36
9265.9;0.01;637.082;9265.8;0.01;309.899;9266.3;0.01;373.755;9264.0;-0.008;119.571;2020-11-07 07:51
9260.7;0.01;636.497;9260.5;0.01;309.275;9261.6;0.01;374.209;9261.3;-0.008;119.544;2020-11-07 08:07
9265.6;0.01;636.624;9265.2;0.01;308.893;9265.1;0.01;374.736;9266.9;-0.008;119.599;2020-11-07 08:22
9266.2;0.01;637.586;9265.8;0.01;307.166;9265.6;0.01;374.462;9270.2;-0.008;119.401;2020-11-07 08:37
9260.2;0.01;637.354;9260.2;0.01;309.323;9256.3;0.01;373.712;9259.3;-0.008;119.478;2020-11-07 08:52
9264.6;0.01;638.843;9264.4;0.01;310.172;9265.1;0.01;374.892;9265.5;-0.008;119.491;2020-11-07 09:07
9279.4;0.01;639.1;9278.5;0.01;309.069;9277.8;0.01;375.445;9282.7;-0.008;120.045;2020-11-07 09:22
9271.1;0.01;639.442;9270.0;0.01;310.615;9267.0;0.01;376.054;9271.9;-0.008;119.896;2020-11-07 09:37
9270.0;0.01;639.534;9269.2;0.01;311.676;9268.5;0.01;375.557;9272.1;-0.008;119.876;2020-11-07 09:52
9267.2;0.01;639.316;9267.9;0.01;313.571;9264.4;0.01;375.853;9269.7;0.012;119.94;2020-11-07 10:08
9263.8;0.01;639.211;9264.1;0.01;313.154;9259.9;0.01;375.83;9264.0;0.012;120.0;2020-11-07 10:23
9265.4;0.01;639.311;9265.7;0.01;313.136;9263.2;0.01;376.268;9265.2;0.012;119.951;2020-11-07 10:38
9266.1;0.01;638.668;9266.6;0.01;313.761;9264.7;0.01;375.919;9270.1;0.012;119.834;2020-11-07 10:53
9260.5;0.01;639.948;9261.1;0.01;314.105;9256.4;0.01;375.731;9260.6;0.012;119.664;2020-11-07 11:08
9209.0;0.01;635.7;9210.0;0.01;296.316;9206.5;0.01;366.889;9207.9;0.012;119.31;2020-11-07 11:23
9199.2;0.01;639.621;9200.2;0.01;299.7;9199.9;0.01;370.838;9201.8;0.012;119.124;2020-11-07 11:38
9213.5;0.01;639.06;9214.5;0.01;301.326;9210.1;0.01;371.759;9213.5;0.012;119.264;2020-11-07 11:53
9224.2;0.01;639.074;9224.9;0.01;303.812;9221.8;0.01;371.18;9224.9;0.012;119.904;2020-11-07 12:09
9222.7;0.01;639.687;9222.9;0.01;305.698;9219.3;0.01;371.419;9220.3;0.012;120.385;2020-11-07 12:24
9219.8;0.01;639.413;9220.2;0.01;305.916;9217.3;0.01;373.307;9220.3;0.012;120.25;2020-11-07 12:39
9215.8;0.01;639.207;9215.5;0.01;305.265;9216.0;0.01;373.186;9216.6;0.012;120.202;2020-11-07 12:54
9210.7;0.01;639.996;9210.7;0.01;306.027;9210.7;0.01;372.364;9212.4;0.012;120.021;2020-11-07 13:09
9218.8;0.01;639.931;9219.0;0.01;305.589;9217.8;0.01;374.022;9218.2;0.012;119.472;2020-11-07 13:24
9217.6;0.01;639.066;9217.7;0.01;305.267;9213.5;0.01;373.985;9214.8;0.012;119.624;2020-11-07 13:39
9209.0;0.01;639.762;9209.6;0.01;305.17;9208.2;0.01;372.924;9209.6;0.012;119.798;2020-11-07 13:54
9220.7;0.01;639.767;9219.9;0.01;306.474;9217.8;0.01;373.797;9220.4;0.012;119.787;2020-11-07 14:10
9222.4;0.01;639.658;9222.4;0.01;306.113;9221.2;0.01;374.77;9222.9;0.012;120.388;2020-11-07 14:25
9219.0;0.01;640.311;9218.4;0.01;305.741;9216.8;0.01;374.604;9218.5;0.012;120.451;2020-11-07 14:40
9213.5;0.01;640.252;9213.1;0.01;305.23;9213.0;0.01;374.094;9211.5;0.012;120.653;2020-11-07 14:55
9207.0;0.01;640.247;9206.5;0.01;303.993;9206.5;0.01;373.16;9206.3;0.012;120.955;2020-11-07 15:10
9212.7;0.01;640.133;9211.4;0.01;304.551;9211.3;0.01;373.8;9210.6;0.012;120.654;2020-11-07 15:25
9220.5;0.01;639.667;9219.1;0.01;304.791;9218.4;0.01;374.347;9218.0;0.012;120.47;2020-11-07 15:40
9229.4;0.01;640.334;9229.8;0.01;305.276;9224.5;0.01;375.205;9225.4;0.012;120.599;2020-11-07 15:56
9212.5;0.01;640.42;9212.2;0.01;305.925;9213.5;0.01;374.97;9209.6;0.012;120.709;2020-11-07 16:11
9216.6;0.01;639.316;9215.8;0.01;305.968;9213.6;0.01;374.492;9214.4;0.012;120.767;2020-11-07 16:26
9225.5;0.01;640.4;9225.3;0.01;305.951;9222.3;0.01;375.043;9222.0;0.012;120.668;2020-11-07 16:41
9229.0;0.01;638.93;9229.2;0.01;304.738;9223.6;0.01;375.41;9225.4;0.012;121.101;2020-11-07 16:56
9227.5;0.01;639.223;9226.4;0.01;304.74;9222.2;0.01;375.462;9223.5;0.012;120.99;2020-11-07 17:11
9231.6;0.01;639.187;9231.2;0.01;304.069;9228.2;0.01;375.981;9230.9;0.012;120.724;2020-11-07 17:26
9227.1;0.01;639.297;9226.2;0.01;304.259;9224.6;0.01;375.651;9226.0;0.012;120.582;2020-11-07 17:41
9228.1;0.01;639.409;9227.5;0.01;304.229;9226.8;0.01;375.566;9226.5;0.012;120.397;2020-11-07 17:57
9248.7;0.01;638.971;9248.9;0.01;301.421;9247.4;0.01;377.392;9247.3;-0.003;119.553;2020-11-07 18:12
9243.4;0.01;638.891;9244.1;0.01;302.715;9241.3;0.01;377.008;9240.5;-0.003;119.633;2020-11-07 18:27
9218.0;0.01;637.279;9218.7;0.01;302.871;9215.6;0.01;374.037;9215.9;-0.003;119.742;2020-11-07 18:42
9216.5;0.01;637.38;9216.7;0.01;303.4;9217.2;0.01;373.99;9216.8;-0.003;119.776;2020-11-07 18:57
9220.6;0.01;637.077;9220.5;0.01;301.203;9220.8;0.01;374.172;9222.1;-0.003;119.862;2020-11-07 19:12
9218.0;0.01;638.098;9219.3;0.01;302.033;9216.9;0.01;374.37;9219.1;-0.003;119.672;2020-11-07 19:27
9222.7;0.01;637.509;9222.8;0.01;302.458;9221.6;0.01;375.148;9223.0;-0.003;119.61;2020-11-07 19:42
9221.3;0.01;638.555;9222.0;0.01;302.446;9220.8;0.01;375.546;9218.8;-0.003;119.57;2020-11-07 19:58
9213.0;0.01;639.287;9213.3;0.01;303.07;9211.2;0.01;375.162;9210.0;-0.003;119.471;2020-11-07 20:13
9219.7;0.01;639.384;9220.2;0.01;303.082;9217.6;0.01;375.308;9216.0;-0.003;119.317;2020-11-07 20:28
9228.6;0.01;639.499;9229.9;0.01;302.321;9227.8;0.01;375.577;9227.3;-0.003;119.359;2020-11-07 20:43
9225.8;0.01;639.688;9226.5;0.01;302.527;9225.1;0.01;375.38;9224.2;-0.003;119.349;2020-11-07 20:58
9215.0;0.01;639.973;9215.2;0.01;302.039;9214.5;0.01;375.01;9215.3;-0.003;119.185;2020-11-07 21:13
9217.9;0.01;639.776;9217.9;0.01;301.191;9217.5;0.01;374.988;9216.7;-0.003;119.038;2020-11-07 21:28
9213.0;0.01;639.826;9213.3;0.01;301.02;9212.5;0.01;375.002;9211.7;-0.003;118.96;2020-11-07 21:43
9207.2;0.01;640.403;9208.1;0.01;302.303;9206.7;0.01;374.989;9207.2;-0.003;118.853;2020-11-07 21:59
9210.7;0.01;640.484;9210.8;0.01;302.492;9210.2;0.01;375.917;9207.9;-0.003;118.808;2020-11-07 22:14
9214.2;0.01;640.451;9213.4;0.01;302.453;9214.4;0.01;376.515;9214.4;-0.003;118.704;2020-11-07 22:29
9214.2;0.01;640.394;9213.7;0.01;302.16;9212.6;0.01;376.309;9213.1;-0.003;118.612;2020-11-07 22:44
9216.8;0.01;640.619;9216.1;0.01;302.086;9217.0;0.01;376.943;9214.9;-0.003;118.538;2020-11-07 22:59
9213.3;0.01;640.875;9212.6;0.01;300.371;9211.1;0.01;376.585;9212.2;-0.003;118.496;2020-11-07 23:15
9214.3;0.01;640.958;9214.1;0.01;301.425;9213.5;0.01;376.931;9214.3;-0.003;118.456;2020-11-07 23:30
9222.1;0.01;641.271;9221.8;0.01;302.481;9217.0;0.01;376.875;9218.3;-0.003;118.278;2020-11-07 23:45
9223.0;0.01;643.938;9222.5;0.01;301.408;9220.2;0.01;377.363;9221.9;-0.003;118.297;2020-12-07 00:00
9229.7;0.01;644.159;9229.1;0.01;300.87;9227.8;0.01;378.194;9228.5;-0.003;118.434;2020-12-07 00:15
9219.6;0.01;642.981;9219.2;0.01;301.441;9218.7;0.01;377.224;9217.0;-0.003;118.444;2020-12-07 00:30
9223.0;0.01;643.21;9222.8;0.01;300.806;9222.6;0.01;375.56;9219.9;-0.003;118.417;2020-12-07 00:45
9219.8;0.01;643.462;9219.5;0.01;300.794;9218.9;0.01;375.758;9217.2;-0.003;118.442;2020-12-07 01:00
9230.5;0.01;644.805;9230.1;0.01;299.617;9232.4;0.01;376.538;9229.1;-0.003;118.394;2020-12-07 01:16
9251.4;0.01;643.407;9248.7;0.01;302.459;9248.3;0.01;377.143;9249.9;-0.003;118.46;2020-12-07 01:31
9239.6;0.01;643.648;9238.8;0.01;304.017;9239.9;0.01;375.83;9240.6;-0.003;118.345;2020-12-07 01:46
9236.9;0.01;643.718;9237.2;0.01;304.957;9237.4;0.01;376.755;9234.9;-0.007;118.277;2020-12-07 02:01
9252.2;0.01;643.659;9252.5;0.01;303.358;9251.9;0.01;378.99;9251.4;-0.007;118.141;2020-12-07 02:16
9265.0;0.01;642.528;9265.8;0.01;303.226;9263.5;0.01;376.818;9266.4;-0.007;118.339;2020-12-07 02:31
9253.4;0.01;643.009;9254.2;0.01;305.966;9253.6;0.01;376.225;9253.7;-0.007;118.769;2020-12-07 02:46
9254.4;0.01;642.939;9254.8;0.01;306.866;9254.9;0.01;375.196;9256.6;-0.007;118.927;2020-12-07 03:01
9249.5;0.01;643.125;9250.4;0.01;308.274;9249.3;0.01;373.935;9249.8;-0.007;118.821;2020-12-07 03:17
9264.5;0.01;641.943;9265.7;0.01;306.969;9267.1;0.01;374.064;9266.1;-0.007;119.006;2020-12-07 03:32
9277.6;0.01;642.985;9278.2;0.01;307.152;9278.6;0.01;373.055;9278.1;-0.007;118.749;2020-12-07 03:47
9276.3;0.01;644.86;9276.5;0.01;308.854;9275.2;0.01;373.001;9276.0;-0.007;118.589;2020-12-07 04:02
9272.2;0.01;645.818;9273.2;0.01;309.767;9272.4;0.01;371.598;9273.6;-0.007;118.539;2020-12-07 04:17
9268.5;0.01;644.508;9268.6;0.01;310.124;9267.5;0.01;371.635;9270.1;-0.007;118.584;2020-12-07 04:32
9268.5;0.01;644.115;9269.4;0.01;311.142;9264.8;0.01;371.898;9266.8;-0.007;118.516;2020-12-07 04:47
9274.3;0.01;642.2;9274.6;0.01;311.078;9273.1;0.01;372.479;9275.9;-0.007;118.756;2020-12-07 05:02
9283.8;0.01;642.298;9283.9;0.01;311.036;9278.5;0.01;372.695;9282.9;-0.007;118.882;2020-12-07 05:18
9284.1;0.01;643.675;9284.7;0.01;310.56;9279.9;0.01;373.036;9283.6;-0.007;119.201;2020-12-07 05:33
9277.9;0.01;644.249;9278.5;0.01;312.045;9274.2;0.01;372.649;9275.1;-0.007;119.207;2020-12-07 05:48
9283.3;0.01;644.676;9284.0;0.01;313.683;9281.0;0.01;372.183;9283.0;-0.007;119.158;2020-12-07 06:03
9286.3;0.01;647.684;9285.1;0.01;313.476;9281.5;0.01;373.832;9284.4;-0.007;119.2;2020-12-07 06:18
9280.5;0.01;647.055;9281.3;0.01;313.742;9277.3;0.01;373.774;9279.6;-0.007;119.314;2020-12-07 06:33
9273.0;0.01;646.005;9272.3;0.01;314.17;9267.9;0.01;374.485;9270.2;-0.007;119.492;2020-12-07 06:48
9273.4;0.01;646.336;9272.5;0.01;314.665;9271.8;0.01;374.727;9275.3;-0.007;119.276;2020-12-07 07:03
9265.4;0.01;645.914;9265.0;0.01;315.101;9263.2;0.01;374.873;9264.1;-0.007;119.346;2020-12-07 07:18
9265.8;0.01;646.469;9265.0;0.01;315.539;9261.7;0.01;373.913;9265.3;-0.007;119.344;2020-12-07 07:34
9273.5;0.01;647.487;9272.6;0.01;315.78;9270.3;0.01;374.27;9276.8;-0.007;119.303;2020-12-07 07:49
9271.6;0.01;647.483;9270.9;0.01;317.093;9270.4;0.01;375.427;9273.1;-0.007;119.191;2020-12-07 08:04
9267.6;0.01;646.858;9267.0;0.01;318.552;9264.4;0.01;375.478;9266.1;-0.007;119.349;2020-12-07 08:19
9262.3;0.01;647.298;9261.2;0.01;318.616;9258.9;0.01;374.223;9262.5;-0.007;119.628;2020-12-07 08:34
9258.2;0.01;647.186;9257.1;0.01;318.914;9255.0;0.01;374.557;9258.8;-0.007;119.571;2020-12-07 08:49
9261.6;0.01;647.667;9260.2;0.01;321.873;9263.6;0.01;374.039;9265.9;-0.007;119.24;2020-12-07 09:04
9263.3;0.01;647.456;9263.9;0.01;321.89;9258.2;0.01;374.193;9261.3;-0.007;119.432;2020-12-07 09:20
9256.6;0.01;646.186;9255.9;0.01;321.584;9257.1;0.01;374.802;9260.1;-0.007;119.624;2020-12-07 09:35
9249.8;0.01;646.067;9249.5;0.01;320.797;9249.0;0.01;374.749;9250.8;-0.007;119.566;2020-12-07 09:50
9265.7;0.01;646.671;9265.6;0.01;321.524;9263.2;0.01;373.576;9266.4;0.004;119.316;2020-12-07 10:05
9270.7;0.01;647.513;9272.0;0.01;321.918;9267.5;0.01;374.204;9271.4;0.004;119.377;2020-12-07 10:20
9264.9;0.01;646.725;9265.1;0.01;322.603;9261.6;0.01;375.155;9262.7;0.004;119.446;2020-12-07 10:35
9255.4;0.01;646.502;9256.0;0.01;322.98;9255.6;0.01;374.859;9257.8;0.004;119.361;2020-12-07 10:50
9253.4;0.01;646.39;9253.8;0.01;321.462;9252.9;0.01;375.712;9254.6;0.004;119.39;2020-12-07 11:05
9247.3;0.01;647.587;9246.4;0.01;321.294;9249.8;0.01;375.755;9251.0;0.004;119.401;2020-12-07 11:21
9257.2;0.01;647.344;9257.5;0.01;321.695;9256.0;0.01;376.027;9257.5;0.004;119.222;2020-12-07 11:36
9260.1;0.01;646.905;9260.4;0.01;320.913;9259.3;0.01;377.097;9261.4;0.004;119.247;2020-12-07 11:51
9262.7;0.01;647.366;9262.9;0.01;319.83;9263.5;0.01;377.028;9262.9;0.004;119.383;2020-12-07 12:06
9264.0;0.01;646.232;9264.6;0.01;320.241;9265.0;0.01;377.498;9265.0;0.004;119.134;2020-12-07 12:21
9267.1;0.01;646.315;9267.4;0.01;320.691;9266.5;0.01;377.776;9267.0;0.004;119.12;2020-12-07 12:36
9262.2;0.01;646.142;9262.4;0.01;320.966;9262.6;0.01;378.052;9265.9;0.004;119.178;2020-12-07 12:51
9262.3;0.01;645.949;9262.1;0.01;320.964;9261.4;0.01;378.272;9261.7;0.004;119.247;2020-12-07 13:06
9251.3;0.01;645.64;9252.0;0.01;319.765;9252.0;0.01;377.974;9252.3;0.004;119.278;2020-12-07 13:22
9250.3;0.01;645.499;9250.7;0.01;319.535;9250.7;0.01;377.947;9251.8;0.004;119.408;2020-12-07 13:37
9250.4;0.01;642.03;9250.4;0.01;320.22;9247.9;0.01;378.203;9249.5;0.004;119.343;2020-12-07 13:52
9256.2;0.01;642.176;9256.0;0.01;319.651;9253.8;0.01;379.433;9257.3;0.004;119.746;2020-12-07 14:07
9258.7;0.01;642.219;9258.1;0.01;319.89;9259.2;0.01;378.832;9261.7;0.004;119.656;2020-12-07 14:22
9263.7;0.01;641.347;9263.6;0.01;320.078;9260.4;0.01;380.314;9263.4;0.004;119.512;2020-12-07 14:37
9269.0;0.01;642.228;9268.5;0.01;319.753;9267.0;0.01;381.565;9268.6;0.004;119.379;2020-12-07 14:52
9267.5;0.01;642.62;9266.5;0.01;319.619;9265.2;0.01;380.773;9267.1;0.004;119.374;2020-12-07 15:07
9320.9;0.01;648.601;9319.9;0.01;311.476;9315.6;0.01;382.114;9319.3;0.004;118.992;2020-12-07 15:23
9226.7;0.01;639.721;9228.8;0.01;309.896;9226.7;0.01;376.64;9229.9;0.004;118.396;2020-12-07 15:38
9214.9;0.01;634.087;9213.9;0.01;309.916;9212.7;0.01;377.837;9213.8;0.004;118.468;2020-12-07 15:53
9221.0;0.01;636.172;9223.2;0.01;310.94;9222.9;0.01;378.183;9233.0;0.004;118.559;2020-12-07 16:08
9213.2;0.01;636.649;9213.6;0.01;311.631;9213.7;0.01;376.53;9217.4;0.004;118.93;2020-12-07 16:23
9223.6;0.01;637.701;9222.5;0.01;312.456;9220.0;0.01;377.041;9222.6;0.004;119.179;2020-12-07 16:38
9226.1;0.01;637.539;9225.6;0.01;312.058;9224.1;0.01;377.182;9227.5;0.004;119.125;2020-12-07 16:53
9217.0;0.01;638.356;9216.4;0.01;312.152;9215.9;0.01;377.444;9216.7;0.004;119.189;2020-12-07 17:08
9217.8;0.01;638.192;9217.1;0.01;312.265;9216.4;0.01;376.809;9217.9;0.004;119.263;2020-12-07 17:24
9221.1;0.01;638.649;9220.0;0.01;312.892;9219.1;0.01;376.935;9222.6;0.004;119.107;2020-12-07 17:39
9226.5;0.01;639.032;9225.4;0.01;313.434;9223.3;0.01;377.587;9225.1;0.004;119.082;2020-12-07 17:54
9223.9;0.01;638.564;9220.3;0.01;315.14;9220.2;0.01;375.854;9220.9;0.007;119.068;2020-12-07 18:09
9217.9;0.01;638.466;9219.2;0.01;315.658;9216.8;0.01;376.073;9218.0;0.007;118.918;2020-12-07 18:24
9221.1;0.01;636.627;9221.2;0.01;315.851;9223.2;0.01;376.382;9224.6;0.007;118.981;2020-12-07 18:39
9217.0;0.01;636.852;9217.7;0.01;317.095;9214.8;0.01;376.312;9217.1;0.007;119.012;2020-12-07 18:54
9217.8;0.01;637.275;9217.4;0.01;316.02;9217.4;0.01;375.57;9218.5;0.007;118.764;2020-12-07 19:10
9213.0;0.01;637.151;9213.6;0.01;316.229;9211.8;0.01;375.781;9213.2;0.007;118.716;2020-12-07 19:25
9211.2;0.01;637.213;9211.2;0.01;316.252;9210.0;0.01;377.51;9213.1;0.007;118.826;2020-12-07 19:40
9217.0;0.01;636.804;9217.5;0.01;316.791;9217.0;0.01;378.491;9217.0;0.007;118.743;2020-12-07 19:55
9221.9;0.01;636.563;9222.2;0.01;317.31;9221.4;0.01;378.806;9223.3;0.007;118.472;2020-12-07 20:10
9221.3;0.01;636.875;9221.5;0.01;317.346;9221.2;0.01;378.704;9221.8;0.007;118.471;2020-12-07 20:25
9216.1;0.01;635.938;9216.5;0.01;318.073;9214.1;0.01;377.718;9214.8;0.007;118.438;2020-12-07 20:40
9214.5;0.01;636.082;9214.6;0.01;318.821;9215.6;0.01;377.335;9215.5;0.007;118.451;2020-12-07 20:55
9204.8;0.01;634.814;9206.7;0.01;318.009;9206.4;0.01;377.171;9206.0;0.007;119.666;2020-12-07 21:11
9198.1;0.01;639.474;9199.7;0.01;317.321;9197.3;0.01;374.881;9195.8;0.007;120.431;2020-12-07 21:26
9186.0;0.01;636.562;9188.2;0.01;317.37;9188.1;0.01;369.748;9187.6;0.007;119.426;2020-12-07 21:41
9225.6;0.01;632.852;9226.2;0.01;312.868;9224.8;0.01;370.905;9226.5;0.007;118.473;2020-12-07 21:56
9226.9;0.01;633.832;9226.0;0.01;312.259;9226.8;0.01;371.067;9227.6;0.007;118.838;2020-12-07 22:11
9226.5;0.01;633.54;9226.0;0.01;312.053;9227.8;0.01;371.966;9228.5;0.007;118.635;2020-12-07 22:26
9220.2;0.01;634.087;9219.6;0.01;312.088;9220.6;0.01;371.049;9221.0;0.007;118.866;2020-12-07 22:41
9230.9;0.01;634.257;9230.1;0.01;312.237;9230.5;0.01;371.552;9229.5;0.007;118.879;2020-12-07 22:56
9230.8;0.01;633.975;9230.2;0.01;312.901;9227.7;0.01;371.931;9230.5;0.007;118.727;2020-12-07 23:12
9225.9;0.01;632.977;9225.8;0.01;312.729;9225.7;0.01;371.777;9225.9;0.007;118.639;2020-12-07 23:27
9241.6;0.01;632.83;9241.2;0.01;314.153;9240.0;0.01;372.277;9243.6;0.007;118.769;2020-12-07 23:42
9276.6;0.01;628.925;9274.8;0.01;313.133;9270.1;0.01;369.145;9274.7;0.007;117.69;2020-12-07 23:57
9285.2;0.01;630.916;9284.1;0.01;314.325;9279.4;0.01;371.434;9283.8;0.007;117.303;2020-13-07 00:12
9304.3;0.01;633.131;9302.7;0.01;316.569;9299.4;0.01;368.833;9306.5;0.007;116.993;2020-13-07 00:27
9285.6;0.01;635.015;9284.5;0.01;319.161;9282.9;0.01;369.179;9286.0;0.007;117.097;2020-13-07 00:42
9289.7;0.01;635.253;9289.0;0.01;318.239;9288.8;0.01;369.732;9292.0;0.007;117.191;2020-13-07 00:57
9281.0;0.01;637.221;9282.5;0.01;319.699;9279.5;0.01;369.75;9282.7;0.007;116.79;2020-13-07 01:13
9285.2;0.01;636.475;9285.4;0.01;317.841;9284.2;0.01;371.237;9285.7;0.007;116.792;2020-13-07 01:28
9285.7;0.01;637.417;9285.3;0.01;316.987;9285.4;0.01;371.619;9287.5;0.007;117.667;2020-13-07 01:43
9296.0;0.01;637.906;9296.9;0.01;319.491;9296.7;0.01;372.611;9298.4;0.007;117.984;2020-13-07 01:58
9296.4;0.01;641.104;9296.2;0.01;326.028;9294.9;0.01;373.964;9295.5;0.009;118.534;2020-13-07 02:13
9289.3;0.01;640.74;9290.0;0.01;326.561;9289.5;0.01;374.433;9290.2;0.009;118.585;2020-13-07 02:28
9275.5;0.01;641.445;9275.8;0.01;327.405;9277.9;0.01;373.456;9278.0;0.009;118.654;2020-13-07 02:43
9274.4;0.01;642.456;9274.8;0.01;325.597;9276.6;0.01;374.219;9274.7;0.009;119.244;2020-13-07 02:58
9280.0;0.01;642.823;9280.5;0.01;328.025;9282.0;0.01;373.367;9283.1;0.009;119.185;2020-13-07 03:14
9280.4;0.01;642.77;9280.3;0.01;328.188;9282.1;0.01;373.192;9283.3;0.009;119.257;2020-13-07 03:29
9300.9;0.01;646.135;9300.8;0.01;328.808;9300.5;0.01;373.939;9303.3;0.009;119.399;2020-13-07 03:44
9282.2;0.01;643.716;9282.8;0.01;327.859;9285.3;0.01;374.872;9283.6;0.009;120.206;2020-13-07 03:59
9278.4;0.01;644.532;9279.1;0.01;328.448;9277.3;0.01;374.647;9277.1;0.009;121.253;2020-13-07 04:14
9283.8;0.01;645.026;9284.5;0.01;329.165;9286.6;0.01;374.348;9284.0;0.009;121.072;2020-13-07 04:29
9277.0;0.01;646.433;9276.7;0.01;329.89;9279.1;0.01;373.738;9277.3;0.009;121.195;2020-13-07 04:44
9278.6;0.01;646.176;9278.7;0.01;330.161;9283.7;0.01;373.802;9282.1;0.009;121.241;2020-13-07 04:59
9281.3;0.01;647.075;9281.7;0.01;330.521;9282.5;0.01;373.711;9283.3;0.009;121.275;2020-13-07 05:15
9280.1;0.01;647.924;9280.2;0.01;330.26;9279.8;0.01;373.497;9279.3;0.009;121.393;2020-13-07 05:30
9275.5;0.01;648.728;9276.4;0.01;330.215;9276.2;0.01;373.383;9275.7;0.009;121.511;2020-13-07 05:45
9273.2;0.01;648.032;9272.4;0.01;330.225;9276.5;0.01;373.076;9276.6;0.009;121.649;2020-13-07 06:00
9278.6;0.01;648.613;9278.1;0.01;330.124;9281.3;0.01;373.999;9280.1;0.009;121.444;2020-13-07 06:15
9271.9;0.01;649.354;9271.2;0.01;330.872;9275.4;0.01;373.473;9273.0;0.009;121.546;2020-13-07 06:30
9271.2;0.01;648.55;9270.6;0.01;331.206;9270.2;0.01;372.556;9270.3;0.009;121.816;2020-13-07 06:45
9271.1;0.01;645.866;9269.9;0.01;331.577;9272.9;0.01;373.047;9272.8;0.009;121.779;2020-13-07 07:00
9279.8;0.01;645.399;9279.0;0.01;331.751;9280.1;0.01;373.793;9280.0;0.009;121.715;2020-13-07 07:16
9283.2;0.01;645.637;9281.5;0.01;331.936;9284.1;0.01;374.51;9284.7;0.009;121.716;2020-13-07 07:31
9277.4;0.01;647.4;9276.7;0.01;332.846;9278.3;0.01;375.925;9277.9;0.009;121.945;2020-13-07 07:46
9287.2;0.01;649.215;9287.3;0.01;332.614;9288.6;0.01;376.786;9289.3;0.009;121.331;2020-13-07 08:01
9283.9;0.01;650.433;9282.1;0.01;333.631;9284.0;0.01;377.595;9285.9;0.009;121.448;2020-13-07 08:16
9274.5;0.01;649.643;9273.8;0.01;335.35;9274.9;0.01;377.603;9274.0;0.009;121.602;2020-13-07 08:31
9266.1;0.01;649.091;9266.3;0.01;334.918;9266.3;0.01;376.993;9266.6;0.009;121.191;2020-13-07 08:46
9261.7;0.01;644.267;9261.1;0.01;330.478;9263.8;0.01;377.173;9262.7;0.009;120.436;2020-13-07 09:01
9260.5;0.01;644.375;9259.7;0.01;330.165;9262.9;0.01;378.098;9262.5;0.009;120.807;2020-13-07 09:17
9276.5;0.01;645.194;9276.2;0.01;331.152;9276.4;0.01;380.175;9277.3;0.009;120.731;2020-13-07 09:32
9261.2;0.01;645.328;9261.5;0.01;332.525;9263.3;0.01;380.054;9263.6;0.009;120.891;2020-13-07 09:47
9269.7;0.01;647.689;9270.2;0.01;333.767;9273.4;0.01;379.856;9272.2;0.016;120.709;2020-13-07 10:02
9276.9;0.01;648.26;9276.9;0.01;332.925;9277.8;0.01;379.524;9275.2;0.016;120.665;2020-13-07 10:17
9279.8;0.01;647.503;9280.6;0.01;334.085;9280.8;0.01;380.381;9278.4;0.016;120.631;2020-13-07 10:32
9270.8;0.01;645.744;9270.8;0.01;334.775;9272.7;0.01;381.17;9271.8;0.016;120.503;2020-13-07 10:47
9287.5;0.01;646.341;9287.5;0.01;335.819;9289.2;0.01;382.744;9287.9;0.016;121.874;2020-13-07 11:02
9283.1;0.01;645.666;9283.9;0.01;338.308;9281.6;0.01;382.401;9281.8;0.016;121.555;2020-13-07 11:18
9279.7;0.01;645.768;9280.1;0.01;339.215;9283.3;0.01;383.154;9281.5;0.016;121.4;2020-13-07 11:33
9276.7;0.01;646.012;9277.2;0.01;339.448;9281.0;0.01;382.486;9280.7;0.016;121.475;2020-13-07 11:48
9293.4;0.01;647.423;9293.8;0.01;339.206;9292.8;0.01;383.922;9292.2;0.016;121.403;2020-13-07 12:03
9272.3;0.01;648.627;9272.5;0.01;341.185;9274.5;0.01;387.273;9271.7;0.016;120.9;2020-13-07 12:18
9268.9;0.01;648.249;9269.4;0.01;340.357;9274.3;0.01;386.144;9271.8;0.016;120.793;2020-13-07 12:33
9285.9;0.01;648.0;9287.0;0.01;340.513;9290.3;0.01;387.112;9287.8;0.016;120.656;2020-13-07 12:48
9293.5;0.01;649.588;9294.3;0.01;340.574;9296.4;0.01;388.19;9297.9;0.016;121.036;2020-13-07 13:03
9294.5;0.01;659.48;9295.7;0.01;342.789;9297.9;0.01;391.913;9297.5;0.016;121.394;2020-13-07 13:19
9292.4;0.01;659.367;9292.6;0.01;343.046;9292.8;0.01;393.508;9292.8;0.016;121.85;2020-13-07 13:34
9308.5;0.01;660.297;9310.1;0.01;344.564;9311.7;0.01;394.314;9309.1;0.016;121.464;2020-13-07 13:49
9289.0;0.01;663.033;9290.5;0.01;346.221;9289.4;0.01;395.427;9287.4;0.016;120.77;2020-13-07 14:04
9290.8;0.01;662.121;9290.3;0.01;347.959;9291.8;0.01;395.64;9291.4;0.016;120.511;2020-13-07 14:19
9309.6;0.01;664.993;9311.2;0.01;349.003;9313.9;0.01;396.855;9312.5;0.016;120.688;2020-13-07 14:34
9324.2;0.01;668.891;9323.8;0.01;350.756;9324.6;0.01;398.635;9325.6;0.016;121.586;2020-13-07 14:49
9307.3;0.01;667.293;9306.8;0.01;350.546;9306.4;0.01;400.407;9305.1;0.016;121.155;2020-13-07 15:04
9308.8;0.01;668.081;9310.4;0.01;351.929;9309.8;0.01;400.84;9307.2;0.016;121.012;2020-13-07 15:20
9323.8;0.01;668.936;9323.0;0.01;355.521;9321.3;0.01;403.194;9320.7;0.016;121.819;2020-13-07 15:35
9312.3;0.01;669.847;9312.4;0.01;356.758;9313.1;0.01;403.337;9311.0;0.016;121.999;2020-13-07 15:50
9308.3;0.01;672.045;9308.5;0.01;356.751;9309.6;0.01;402.285;9307.4;0.016;122.835;2020-13-07 16:05
9314.0;0.01;672.028;9314.0;0.01;358.654;9314.4;0.01;401.654;9312.9;0.016;122.569;2020-13-07 16:20
9324.5;0.01;677.124;9324.3;0.01;358.149;9324.0;0.01;401.778;9322.7;0.016;122.614;2020-13-07 16:35
9319.1;0.01;676.866;9318.9;0.01;358.518;9317.5;0.01;403.021;9315.4;0.016;122.268;2020-13-07 16:50
9310.7;0.01;676.959;9310.3;0.01;359.416;9313.4;0.01;403.428;9311.5;0.016;122.367;2020-13-07 17:06
9315.4;0.01;676.188;9316.2;0.01;359.327;9316.8;0.01;402.714;9315.2;0.016;122.51;2020-13-07 17:21
9301.6;0.01;676.644;9301.7;0.01;361.536;9304.2;0.01;402.502;9300.7;0.016;122.328;2020-13-07 17:36
9288.4;0.01;674.354;9289.5;0.01;361.401;9288.9;0.01;400.362;9287.6;0.016;121.52;2020-13-07 17:51
9295.7;0.01;674.173;9296.0;0.01;363.139;9297.3;0.01;399.605;9292.9;0.009;121.104;2020-13-07 18:06
9297.7;0.01;675.809;9298.1;0.01;366.308;9301.9;0.01;401.532;9298.6;0.009;120.503;2020-13-07 18:21
9292.3;0.01;676.247;9292.8;0.01;367.375;9295.6;0.01;401.269;9291.3;0.009;120.529;2020-13-07 18:36
9299.2;0.01;676.488;9299.9;0.01;367.171;9299.3;0.01;401.178;9294.2;0.009;120.527;2020-13-07 18:51
9313.9;0.01;678.459;9314.2;0.01;368.408;9317.0;0.01;402.111;9312.8;0.009;120.786;2020-13-07 19:07
9316.6;0.01;682.587;9317.2;0.01;369.836;9315.7;0.01;401.247;9311.8;0.009;121.007;2020-13-07 19:22
9315.8;0.01;683.366;9317.1;0.01;370.653;9314.4;0.01;400.385;9312.3;0.009;121.152;2020-13-07 19:37
9310.6;0.01;683.069;9311.1;0.01;369.923;9311.9;0.01;400.178;9309.6;0.009;121.267;2020-13-07 19:52
9300.0;0.01;683.943;9300.6;0.01;371.645;9303.6;0.01;398.643;9300.3;0.009;121.237;2020-13-07 20:07
9292.6;0.01;682.968;9293.1;0.01;373.518;9292.6;0.01;398.706;9292.0;0.009;120.873;2020-13-07 20:22
9271.3;0.01;683.663;9271.5;0.01;370.239;9276.0;0.01;397.828;9272.6;0.009;120.17;2020-13-07 20:37
9279.3;0.01;682.182;9282.5;0.01;370.917;9287.3;0.01;398.285;9282.1;0.009;120.077;2020-13-07 20:52
9272.7;0.01;681.795;9273.2;0.01;371.635;9277.4;0.01;397.27;9275.9;0.009;120.198;2020-13-07 21:08
9259.9;0.01;676.148;9259.9;0.01;370.098;9262.1;0.01;397.137;9259.5;0.009;119.764;2020-13-07 21:23
9218.5;0.01;665.747;9220.6;0.01;361.415;9229.0;0.01;390.146;9225.4;0.009;116.651;2020-13-07 21:38
9223.5;0.01;664.949;9224.5;0.01;363.693;9229.2;0.01;385.448;9226.0;0.009;116.661;2020-13-07 21:53
9225.7;0.01;668.768;9226.2;0.01;366.961;9235.0;0.01;382.707;9231.8;0.009;116.711;2020-13-07 22:08
9223.0;0.01;669.946;9222.4;0.01;368.959;9229.9;0.01;390.056;9225.7;0.009;116.447;2020-13-07 22:23
9250.2;0.01;667.512;9251.0;0.01;368.61;9257.3;0.01;392.487;9252.2;0.009;116.276;2020-13-07 22:38
9250.2;0.01;668.069;9249.4;0.01;368.401;9255.0;0.01;385.754;9250.5;0.009;116.383;2020-13-07 22:53
9242.3;0.01;668.977;9241.5;0.01;368.76;9250.0;0.01;386.221;9244.0;0.009;115.769;2020-13-07 23:09
9251.0;0.01;668.551;9251.4;0.01;369.268;9253.9;0.01;387.727;9249.4;0.009;115.449;2020-13-07 23:24
9263.5;0.01;669.58;9263.0;0.01;369.611;9263.8;0.01;387.189;9260.6;0.009;115.331;2020-13-07 23:39
9243.2;0.01;668.592;9242.9;0.01;369.391;9246.4;0.01;384.674;9242.2;0.009;115.347;2020-13-07 23:54
9233.4;0.01;668.839;9233.1;0.01;369.534;9236.3;0.01;383.571;9231.7;0.009;115.277;2020-14-07 00:09
9230.6;0.01;667.237;9231.2;0.01;370.155;9237.6;0.01;382.235;9235.7;0.009;115.133;2020-14-07 00:24
9233.6;0.01;666.323;9234.1;0.01;370.888;9243.9;0.01;384.463;9239.1;0.009;115.259;2020-14-07 00:39
9242.4;0.01;665.467;9241.3;0.01;371.284;9247.3;0.01;385.481;9243.8;0.009;115.236;2020-14-07 00:55
9224.4;0.01;665.524;9226.1;0.01;371.593;9231.1;0.01;384.81;9229.1;0.009;115.219;2020-14-07 01:10
9230.9;0.01;665.073;9230.2;0.01;371.565;9236.3;0.01;384.768;9235.1;0.009;115.004;2020-14-07 01:25
9236.4;0.01;666.833;9237.1;0.01;372.063;9243.4;0.01;385.07;9239.6;0.009;114.972;2020-14-07 01:40
9242.6;0.01;668.17;9242.2;0.01;372.292;9246.4;0.01;385.008;9243.3;0.009;114.966;2020-14-07 01:55
9225.5;0.01;669.243;9226.1;0.01;374.791;9229.3;0.01;384.068;9227.7;0.007;114.575;2020-14-07 02:10
9229.0;0.01;668.938;9229.8;0.01;376.613;9233.7;0.01;385.421;9231.0;0.007;114.615;2020-14-07 02:25
9224.7;0.01;668.444;9225.2;0.01;376.067;9229.6;0.01;386.595;9222.9;0.007;115.019;2020-14-07 02:40
9219.4;0.01;663.225;9220.0;0.01;378.109;9226.3;0.01;386.393;9221.1;0.007;114.85;2020-14-07 02:56
9226.9;0.01;662.052;9227.8;0.01;378.643;9234.8;0.01;385.048;9229.4;0.007;114.966;2020-14-07 03:11
9228.3;0.01;661.341;9230.2;0.01;379.145;9236.2;0.01;384.89;9230.4;0.007;114.951;2020-14-07 03:26
9238.8;0.01;662.212;9239.0;0.01;376.846;9243.8;0.01;385.31;9236.6;0.007;115.0;2020-14-07 03:41
9231.7;0.01;661.753;9232.0;0.01;377.207;9236.4;0.01;385.104;9232.2;0.007;115.285;2020-14-07 03:56
9235.5;0.01;661.864;9235.5;0.01;376.65;9240.9;0.01;385.528;9235.9;0.007;115.224;2020-14-07 04:11
9233.3;0.01;662.028;9233.9;0.01;376.936;9240.6;0.01;386.166;9234.9;0.007;115.5;2020-14-07 04:26
9221.7;0.01;661.854;9222.0;0.01;376.55;9229.2;0.01;384.686;9222.7;0.007;116.687;2020-14-07 04:41
9220.1;0.01;661.54;9220.2;0.01;377.32;9229.1;0.01;384.425;9225.5;0.007;116.553;2020-14-07 04:57
9225.6;0.01;660.56;9225.7;0.01;377.583;9232.9;0.01;385.002;9228.8;0.007;116.699;2020-14-07 05:12
9219.6;0.01;660.541;9219.6;0.01;377.811;9227.7;0.01;385.13;9223.9;0.007;116.935;2020-14-07 05:27
9218.3;0.01;660.531;9218.1;0.01;378.136;9225.5;0.01;385.014;9222.7;0.007;116.661;2020-14-07 05:42
9214.6;0.01;660.896;9215.7;0.01;378.477;9220.6;0.01;385.409;9216.5;0.007;116.952;2020-14-07 05:57
9208.8;0.01;661.316;9206.8;0.01;379.008;9213.6;0.01;385.997;9209.1;0.007;116.934;2020-14-07 06:12
9171.2;0.01;674.365;9171.5;0.01;375.103;9174.2;0.01;392.016;9172.6;0.007;116.283;2020-14-07 06:27
9184.5;0.01;675.645;9184.4;0.01;378.697;9189.9;0.01;392.717;9187.1;0.007;116.347;2020-14-07 06:42
9185.8;0.01;675.894;9185.6;0.01;377.842;9189.0;0.01;391.505;9183.8;0.007;117.113;2020-14-07 06:58
9179.4;0.01;675.573;9179.6;0.01;375.332;9179.8;0.01;390.665;9176.4;0.007;117.634;2020-14-07 07:13
9185.6;0.01;675.661;9184.9;0.01;375.329;9187.0;0.01;391.947;9185.9;0.007;117.495;2020-14-07 07:28
9185.8;0.01;676.175;9185.9;0.01;373.78;9188.7;0.01;391.02;9185.6;0.007;117.351;2020-14-07 07:43
9180.7;0.01;676.411;9180.0;0.01;374.289;9187.0;0.01;391.318;9182.4;0.007;117.278;2020-14-07 07:58
9192.0;0.01;675.885;9191.2;0.01;375.263;9196.8;0.01;392.99;9190.7;0.007;117.265;2020-14-07 08:13
9196.2;0.01;675.858;9197.0;0.01;375.112;9201.6;0.01;391.602;9196.1;0.007;117.154;2020-14-07 08:28
9197.1;0.01;676.073;9196.2;0.01;375.368;9200.7;0.01;390.291;9196.1;0.007;116.078;2020-14-07 08:43
9188.1;0.01;675.886;9187.4;0.01;375.31;9190.6;0.01;390.26;9186.9;0.007;116.149;2020-14-07 08:59
9189.4;0.01;676.423;9189.0;0.01;375.306;9193.1;0.01;391.205;9187.8;0.007;115.95;2020-14-07 09:14
9185.2;0.01;676.362;9184.4;0.01;376.058;9190.7;0.01;391.466;9186.6;0.007;116.292;2020-14-07 09:29
9180.0;0.01;677.926;9179.4;0.01;376.644;9183.1;0.01;391.758;9177.6;0.007;116.592;2020-14-07 09:44
9179.4;0.01;676.858;9178.4;0.01;376.985;9183.1;0.01;393.271;9176.9;0.007;117.796;2020-14-07 09:59
9189.4;0.01;675.006;9189.9;0.01;376.445;9194.3;0.01;395.463;9189.7;0.01;117.842;2020-14-07 10:14
9199.0;0.01;672.593;9200.0;0.01;376.947;9201.9;0.01;395.417;9197.8;0.01;118.053;2020-14-07 10:29
9198.8;0.01;672.886;9200.1;0.01;377.149;9197.8;0.01;396.086;9196.3;0.01;117.752;2020-14-07 10:44
9193.3;0.01;672.622;9193.5;0.01;377.334;9194.6;0.01;396.548;9193.4;0.01;117.957;2020-14-07 11:00
9194.1;0.01;672.123;9194.2;0.01;377.013;9198.2;0.01;398.007;9194.6;0.01;118.053;2020-14-07 11:15
9197.7;0.01;671.625;9198.3;0.01;377.149;9200.0;0.01;399.034;9198.4;0.01;118.151;2020-14-07 11:30
9193.0;0.01;671.954;9193.4;0.01;377.338;9194.7;0.01;399.008;9194.2;0.01;118.26;2020-14-07 11:45
9195.7;0.01;672.232;9196.2;0.01;375.266;9198.8;0.01;399.235;9196.6;0.01;118.409;2020-14-07 12:00
9180.9;0.01;672.393;9181.4;0.01;374.541;9183.2;0.01;398.402;9181.9;0.01;118.358;2020-14-07 12:15
9185.4;0.01;672.685;9185.6;0.01;375.919;9189.9;0.01;399.881;9186.7;0.01;118.702;2020-14-07 12:30
9175.1;0.01;673.13;9175.4;0.01;375.334;9178.9;0.01;399.951;9177.2;0.01;118.611;2020-14-07 12:45
9181.0;0.01;674.068;9181.6;0.01;378.006;9185.0;0.01;402.981;9180.2;0.01;118.703;2020-14-07 13:01
9185.7;0.01;674.136;9187.6;0.01;378.7;9188.9;0.01;403.527;9186.1;0.01;119.012;2020-14-07 13:16
9209.0;0.01;668.442;9208.6;0.01;364.074;9213.2;0.01;401.487;9213.5;0.01;118.742;2020-14-07 13:31
9222.4;0.01;663.3;9222.6;0.01;361.508;9223.1;0.01;393.946;9222.4;0.01;118.418;2020-14-07 13:46
9237.7;0.01;663.61;9237.0;0.01;364.925;9236.2;0.01;394.663;9237.0;0.01;118.652;2020-14-07 14:01
9220.1;0.01;662.57;9219.3;0.01;365.067;9220.9;0.01;393.067;9223.6;0.01;118.971;2020-14-07 14:16
9224.7;0.01;660.711;9224.0;0.01;364.772;9225.7;0.01;395.227;9224.9;0.01;119.328;2020-14-07 14:31
9219.2;0.01;660.433;9218.5;0.01;366.361;9220.9;0.01;396.022;9219.5;0.01;119.263;2020-14-07 14:46
9212.6;0.01;661.012;9212.6;0.01;368.735;9211.8;0.01;395.826;9211.6;0.01;119.13;2020-14-07 15:02
9211.2;0.01;660.361;9211.5;0.01;369.71;9210.6;0.01;396.537;9210.9;0.01;119.353;2020-14-07 15:17
9201.2;0.01;661.145;9201.1;0.01;369.428;9201.2;0.01;397.042;9201.6;0.01;119.444;2020-14-07 15:32
9220.1;0.01;660.504;9220.4;0.01;372.029;9219.5;0.01;397.072;9218.6;0.01;119.297;2020-14-07 15:47
9198.4;0.01;660.059;9196.6;0.01;371.578;9197.8;0.01;394.164;9197.2;0.01;118.466;2020-14-07 16:02
9192.7;0.01;662.421;9192.4;0.01;373.234;9194.4;0.01;395.989;9191.5;0.01;118.615;2020-14-07 16:17
9208.1;0.01;663.615;9208.3;0.01;372.804;9210.5;0.01;398.243;9209.5;0.01;118.247;2020-14-07 16:32
9210.5;0.01;665.184;9209.8;0.01;374.525;9210.0;0.01;398.314;9207.9;0.01;118.234;2020-14-07 16:47
9211.0;0.01;665.211;9210.6;0.01;374.197;9211.0;0.01;397.48;9212.0;0.01;117.368;2020-14-07 17:03
9212.4;0.01;665.468;9212.2;0.01;373.085;9213.7;0.01;396.825;9214.5;0.01;117.056;2020-14-07 17:18
9223.9;0.01;666.277;9222.2;0.01;375.255;9222.4;0.01;397.722;9222.2;0.01;116.946;2020-14-07 17:33
9233.1;0.01;665.419;9232.3;0.01;376.11;9231.4;0.01;396.786;9231.2;0.01;115.98;2020-14-07 17:48
9224.9;0.01;665.828;9225.5;0.01;374.333;9228.1;0.01;396.346;9226.3;0.005;115.7;2020-14-07 18:03
9211.9;0.01;664.677;9212.7;0.01;374.294;9215.2;0.01;396.47;9213.6;0.005;115.871;2020-14-07 18:18
9225.4;0.01;664.8;9226.0;0.01;374.177;9227.0;0.01;394.857;9224.6;0.005;115.575;2020-14-07 18:33
9227.2;0.01;664.161;9227.3;0.01;374.763;9231.5;0.01;395.752;9229.5;0.005;115.528;2020-14-07 18:48
9227.6;0.01;664.153;9228.1;0.01;373.06;9228.6;0.01;395.966;9226.3;0.005;115.553;2020-14-07 19:04
9231.0;0.01;664.814;9230.9;0.01;373.453;9232.1;0.01;396.789;9229.5;0.005;115.594;2020-14-07 19:19
9234.8;0.01;664.441;9234.9;0.01;373.543;9234.4;0.01;395.979;9231.7;0.005;115.618;2020-14-07 19:34
9259.1;0.01;649.787;9259.1;0.01;371.356;9257.0;0.01;396.521;9256.8;0.005;114.836;2020-14-07 19:49
9246.8;0.01;651.35;9247.6;0.01;371.488;9245.6;0.01;382.254;9244.9;0.005;114.95;2020-14-07 20:04
9246.7;0.01;651.526;9246.6;0.01;370.623;9246.2;0.01;382.254;9245.5;0.005;114.736;2020-14-07 20:19
9257.9;0.01;651.84;9258.5;0.01;370.316;9256.0;0.01;382.392;9256.0;0.005;115.165;2020-14-07 20:34
9251.8;0.01;651.824;9253.6;0.01;369.77;9253.7;0.01;384.308;9252.5;0.005;114.974;2020-14-07 20:49
9245.3;0.01;650.789;9245.9;0.01;369.947;9246.1;0.01;383.995;9246.4;0.005;114.857;2020-14-07 21:05
9246.6;0.01;650.376;9247.3;0.01;369.182;9247.7;0.01;381.99;9246.3;0.005;114.799;2020-14-07 21:20
9255.7;0.01;650.684;9255.7;0.01;368.967;9254.8;0.01;381.945;9254.0;0.005;114.715;2020-14-07 21:35
9264.1;0.01;649.723;9265.1;0.01;368.797;9267.6;0.01;382.312;9267.9;0.005;114.116;2020-14-07 21:50
9266.4;0.01;647.597;9266.7;0.01;370.571;9263.2;0.01;382.716;9263.6;0.005;114.25;2020-14-07 22:05
9265.6;0.01;646.913;9265.2;0.01;370.504;9265.6;0.01;381.823;9265.0;0.005;114.364;2020-14-07 22:20
9265.0;0.01;646.991;9264.3;0.01;370.602;9264.1;0.01;380.891;9263.3;0.005;114.297;2020-14-07 22:35
9274.1;0.01;647.625;9274.4;0.01;370.653;9272.0;0.01;380.321;9272.7;0.005;114.234;2020-14-07 22:51
9276.0;0.01;647.887;9275.1;0.01;371.081;9274.7;0.01;380.222;9274.4;0.005;114.354;2020-14-07 23:06
9246.7;0.01;646.626;9246.3;0.01;366.299;9244.8;0.01;378.878;9245.6;0.005;113.948;2020-14-07 23:21
9247.7;0.01;647.114;9247.9;0.01;367.038;9246.0;0.01;374.575;9246.8;0.005;113.976;2020-14-07 23:36
9249.1;0.01;646.862;9248.3;0.01;367.187;9244.7;0.01;374.86;9246.9;0.005;113.927;2020-14-07 23:51
9256.2;0.01;645.361;9255.3;0.01;372.827;9254.9;0.01;376.115;9255.2;0.005;114.044;2020-15-07 00:06
9259.9;0.01;645.503;9259.3;0.01;372.803;9259.1;0.01;375.771;9258.3;0.005;114.209;2020-15-07 00:21
9265.5;0.01;645.552;9264.8;0.01;376.396;9264.9;0.01;375.931;9265.2;0.005;114.162;2020-15-07 00:36
9258.8;0.01;642.469;9258.2;0.01;376.358;9257.1;0.01;375.109;9258.8;0.005;114.36;2020-15-07 00:52
9255.8;0.01;643.27;9254.8;0.01;376.252;9255.4;0.01;375.128;9254.4;0.005;114.552;2020-15-07 01:07
9263.4;0.01;644.23;9262.7;0.01;375.644;9263.0;0.01;374.443;9263.9;0.005;114.62;2020-15-07 01:22
9266.7;0.01;644.123;9265.8;0.01;375.718;9264.4;0.01;374.741;9264.0;0.005;114.914;2020-15-07 01:37
9258.0;0.01;643.387;9257.7;0.01;374.352;9256.6;0.01;374.018;9255.8;0.005;114.907;2020-15-07 01:52
9263.5;0.01;643.255;9265.2;0.01;375.036;9264.1;0.01;374.607;9261.8;-0.007;114.897;2020-15-07 02:07
9272.9;0.01;645.979;9272.7;0.01;373.371;9270.3;0.01;376.458;9270.0;-0.007;114.588;2020-15-07 02:22
9260.2;0.01;646.486;9260.2;0.01;372.32;9258.5;0.01;377.071;9258.8;-0.007;114.582;2020-15-07 02:37
9262.4;0.01;647.12;9262.9;0.01;372.632;9261.3;0.01;377.283;9260.0;-0.007;114.497;2020-15-07 02:52
9261.0;0.01;646.951;9261.3;0.01;373.279;9260.8;0.01;377.424;9261.3;-0.007;114.466;2020-15-07 03:08
9255.0;0.01;646.155;9255.5;0.01;372.872;9253.1;0.01;376.79;9252.7;-0.007;114.635;2020-15-07 03:23
9246.6;0.01;645.453;9246.9;0.01;371.518;9247.8;0.01;376.097;9249.9;-0.007;114.59;2020-15-07 03:38
9247.7;0.01;645.128;9247.9;0.01;371.096;9249.5;0.01;376.493;9248.5;-0.007;114.608;2020-15-07 03:53
9247.3;0.01;645.248;9247.6;0.01;370.857;9251.6;0.01;376.725;9251.1;-0.007;114.562;2020-15-07 04:08
9241.8;0.01;644.648;9242.0;0.01;371.046;9243.1;0.01;376.119;9243.0;-0.007;114.619;2020-15-07 04:23
9244.2;0.01;644.653;9244.6;0.01;371.117;9246.6;0.01;376.488;9245.5;-0.007;114.727;2020-15-07 04:38
9242.8;0.01;644.527;9243.3;0.01;371.454;9245.2;0.01;376.645;9244.6;-0.007;114.632;2020-15-07 04:53
9239.8;0.01;644.615;9240.5;0.01;371.584;9241.5;0.01;377.073;9241.8;-0.007;114.567;2020-15-07 05:09
9246.7;0.01;644.402;9247.2;0.01;371.335;9247.6;0.01;377.829;9248.6;-0.007;114.469;2020-15-07 05:24
9248.1;0.01;644.456;9248.4;0.01;371.658;9248.3;0.01;378.598;9250.3;-0.007;114.308;2020-15-07 05:39
9240.1;0.01;644.506;9240.4;0.01;372.488;9239.5;0.01;377.946;9240.8;-0.007;114.161;2020-15-07 05:54
9231.5;0.01;644.854;9231.0;0.01;369.822;9233.5;0.01;377.849;9233.1;-0.007;113.822;2020-15-07 06:09
9233.8;0.01;642.773;9233.0;0.01;369.947;9235.4;0.01;380.425;9236.6;-0.007;113.097;2020-15-07 06:24
9237.9;0.01;643.104;9237.1;0.01;369.529;9239.3;0.01;380.955;9242.0;-0.007;113.043;2020-15-07 06:39
9243.3;0.01;641.72;9242.6;0.01;368.314;9243.5;0.01;381.051;9246.7;-0.007;112.895;2020-15-07 06:54
9240.5;0.01;641.892;9240.5;0.01;368.506;9242.4;0.01;380.46;9243.7;-0.007;112.818;2020-15-07 07:10
9240.2;0.01;641.802;9239.2;0.01;367.999;9242.5;0.01;380.293;9246.4;-0.007;112.966;2020-15-07 07:25
9241.8;0.01;641.996;9240.8;0.01;368.117;9242.2;0.01;380.616;9243.7;-0.007;112.908;2020-15-07 07:40
9239.1;0.01;642.704;9239.0;0.01;368.659;9242.4;0.01;381.127;9244.5;-0.007;113.144;2020-15-07 07:55
9237.8;0.01;642.885;9236.8;0.01;368.169;9240.9;0.01;380.978;9241.0;-0.007;113.768;2020-15-07 08:10
9233.1;0.01;643.158;9232.7;0.01;368.519;9237.0;0.01;380.854;9238.5;-0.007;113.63;2020-15-07 08:25
9230.8;0.01;643.118;9230.1;0.01;368.837;9233.4;0.01;381.282;9234.3;-0.007;113.493;2020-15-07 08:40
9230.5;0.01;643.397;9230.0;0.01;367.521;9232.3;0.01;379.524;9231.7;-0.007;113.757;2020-15-07 08:55
9221.4;0.01;644.003;9221.0;0.01;364.998;9224.8;0.01;379.451;9226.0;-0.007;113.572;2020-15-07 09:11
9225.6;0.01;644.943;9224.7;0.01;365.252;9225.1;0.01;381.095;9225.5;-0.007;113.069;2020-15-07 09:26
9223.0;0.01;645.771;9221.8;0.01;365.554;9223.5;0.01;381.52;9224.6;-0.007;112.957;2020-15-07 09:41
9229.7;0.01;647.01;9229.9;0.01;365.626;9233.3;0.01;381.816;9233.8;-0.007;113.102;2020-15-07 09:56
9225.7;0.01;646.773;9226.0;0.01;365.596;9228.5;0.01;382.008;9228.9;0.021;112.944;2020-15-07 10:11
9211.5;0.01;647.955;9212.1;0.01;364.384;9216.1;0.01;381.381;9214.6;0.021;113.596;2020-15-07 10:26
9216.0;0.01;643.826;9216.4;0.01;365.136;9221.2;0.01;381.063;9215.4;0.021;113.501;2020-15-07 10:41
9214.5;0.01;643.822;9214.7;0.01;365.101;9223.7;0.01;382.9;9218.9;0.021;113.721;2020-15-07 10:56
9207.1;0.01;644.034;9207.9;0.01;366.623;9211.7;0.01;382.551;9210.5;0.021;113.786;2020-15-07 11:12
9199.2;0.01;644.418;9199.7;0.01;366.542;9208.3;0.01;382.043;9205.2;0.021;113.721;2020-15-07 11:27
9202.0;0.01;643.708;9200.9;0.01;366.159;9208.8;0.01;380.079;9208.8;0.021;113.109;2020-15-07 11:42
9213.2;0.01;644.703;9213.3;0.01;366.721;9219.2;0.01;379.496;9216.9;0.021;112.945;2020-15-07 11:57
9233.9;0.01;648.021;9235.0;0.01;363.698;9240.5;0.01;378.761;9239.2;0.021;112.003;2020-15-07 12:12
9231.2;0.01;647.23;9233.2;0.01;361.832;9236.5;0.01;373.991;9232.9;0.021;111.975;2020-15-07 12:27
9240.6;0.01;649.22;9241.1;0.01;363.812;9243.6;0.01;374.191;9242.4;0.021;112.215;2020-15-07 12:42
9235.1;0.01;649.708;9235.9;0.01;364.119;9241.7;0.01;374.357;9238.1;0.021;112.311;2020-15-07 12:57
9230.3;0.01;651.714;9229.1;0.01;365.248;9237.6;0.01;375.043;9233.7;0.021;112.759;2020-15-07 13:13
9239.1;0.01;652.513;9239.5;0.01;365.602;9243.7;0.01;375.619;9240.1;0.021;112.237;2020-15-07 13:28
9235.3;0.01;653.522;9235.7;0.01;364.422;9238.9;0.01;376.441;9236.4;0.021;112.492;2020-15-07 13:43
9215.1;0.01;649.547;9215.5;0.01;364.648;9220.1;0.01;378.541;9212.8;0.021;111.81;2020-15-07 13:58
9224.3;0.01;649.053;9223.7;0.01;365.526;9230.5;0.01;380.469;9224.5;0.021;111.58;2020-15-07 14:13
9230.0;0.01;649.436;9230.0;0.01;366.464;9232.7;0.01;380.957;9229.1;0.021;111.463;2020-15-07 14:28
9235.5;0.01;650.866;9235.1;0.01;366.967;9239.2;0.01;381.1;9234.8;0.021;110.204;2020-15-07 14:43
9239.9;0.01;650.702;9239.4;0.01;366.566;9243.9;0.01;381.283;9238.0;0.021;110.287;2020-15-07 14:59
9228.3;0.01;650.948;9227.4;0.01;366.456;9233.0;0.01;380.349;9226.8;0.021;110.489;2020-15-07 15:14
9230.3;0.01;650.937;9229.8;0.01;366.382;9234.9;0.01;381.582;9229.4;0.021;110.445;2020-15-07 15:29
9225.8;0.01;649.706;9225.3;0.01;367.851;9229.2;0.01;380.937;9224.4;0.021;110.397;2020-15-07 15:44
9220.3;0.01;650.683;9220.2;0.01;366.736;9226.6;0.01;381.422;9221.5;0.021;110.148;2020-15-07 15:59
9223.9;0.01;651.196;9223.4;0.01;368.232;9227.6;0.01;381.123;9222.4;0.021;109.885;2020-15-07 16:14
9230.7;0.01;652.064;9230.4;0.01;369.339;9236.6;0.01;381.131;9229.8;0.021;110.043;2020-15-07 16:29
9232.0;0.01;653.215;9230.9;0.01;371.794;9237.7;0.01;380.635;9232.1;0.021;109.141;2020-15-07 16:44
9240.7;0.01;653.776;9240.3;0.01;371.559;9242.1;0.01;381.451;9236.9;0.021;109.319;2020-15-07 17:00
9213.6;0.01;655.069;9213.1;0.01;371.553;9217.5;0.01;380.993;9215.4;0.021;108.609;2020-15-07 17:15
9224.2;0.01;657.429;9223.8;0.01;371.717;9227.8;0.01;383.526;9224.8;0.021;108.984;2020-15-07 17:30
9202.8;0.01;659.014;9201.9;0.01;371.512;9211.5;0.01;383.849;9206.1;0.021;108.751;2020-15-07 17:45
9192.3;0.01;663.841;9192.9;0.01;370.528;9201.3;0.01;384.929;9193.3;0.016;109.207;2020-15-07 18:00
9199.4;0.01;666.019;9200.2;0.01;370.465;9213.1;0.01;386.823;9205.3;0.016;109.857;2020-15-07 18:15
9195.4;0.01;667.097;9196.5;0.01;372.538;9209.2;0.01;387.467;9200.8;0.016;110.027;2020-15-07 18:30
9187.2;0.01;670.378;9188.6;0.01;373.711;9200.3;0.01;386.588;9193.9;0.016;110.058;2020-15-07 18:45
9208.1;0.01;670.056;9207.5;0.01;374.66;9215.0;0.01;386.554;9210.4;0.016;109.973;2020-15-07 19:01
9212.4;0.01;669.308;9213.0;0.01;376.007;9219.3;0.01;385.883;9213.3;0.016;110.028;2020-15-07 19:16
9210.0;0.01;669.538;9210.8;0.01;376.524;9221.1;0.01;385.307;9215.1;0.016;110.066;2020-15-07 19:31
9210.4;0.01;669.471;9210.4;0.01;376.725;9219.5;0.01;385.312;9212.7;0.016;109.52;2020-15-07 19:46
9200.3;0.01;670.001;9200.5;0.01;377.119;9212.4;0.01;384.151;9204.4;0.016;109.455;2020-15-07 20:01
9205.9;0.01;670.858;9207.6;0.01;377.979;9211.7;0.01;385.882;9204.2;0.016;109.385;2020-15-07 20:16
9203.2;0.01;671.297;9203.6;0.01;378.085;9212.5;0.01;385.581;9204.9;0.016;109.311;2020-15-07 20:31
9197.2;0.01;671.906;9198.4;0.01;378.304;9209.7;0.01;385.182;9200.9;0.016;109.15;2020-15-07 20:46
9176.2;0.01;686.108;9177.9;0.01;371.23;9190.1;0.01;387.934;9181.3;0.016;109.315;2020-15-07 21:02
9166.8;0.01;688.509;9167.7;0.01;375.547;9178.3;0.01;390.854;9170.6;0.016;109.544;2020-15-07 21:17
9181.3;0.01;690.265;9181.8;0.01;378.005;9195.7;0.01;391.782;9185.7;0.016;109.53;2020-15-07 21:32
9169.2;0.01;690.923;9169.7;0.01;377.271;9183.1;0.01;392.986;9170.7;0.016;109.35;2020-15-07 21:47
9178.2;0.01;691.889;9178.7;0.01;376.558;9191.4;0.01;394.256;9181.8;0.016;109.228;2020-15-07 22:02
9191.5;0.01;692.193;9190.9;0.01;376.878;9199.0;0.01;394.821;9190.2;0.016;109.253;2020-15-07 22:17
9199.9;0.01;688.819;9200.3;0.01;377.036;9211.6;0.01;396.322;9203.3;0.016;109.427;2020-15-07 22:32
9213.0;0.01;688.274;9212.3;0.01;376.357;9220.0;0.01;395.591;9214.3;0.016;109.208;2020-15-07 22:47
9209.5;0.01;688.096;9209.2;0.01;376.359;9214.9;0.01;393.285;9207.5;0.016;109.374;2020-15-07 23:03
9202.2;0.01;688.96;9201.9;0.01;375.958;9210.6;0.01;393.202;9202.5;0.016;109.173;2020-15-07 23:18
9211.0;0.01;690.422;9210.4;0.01;376.053;9219.4;0.01;393.362;9212.0;0.016;109.2;2020-15-07 23:33
9229.2;0.01;689.161;9229.3;0.01;374.864;9232.0;0.01;391.242;9226.8;0.016;109.231;2020-15-07 23:48
9228.1;0.01;687.878;9227.7;0.01;375.42;9232.0;0.01;391.396;9225.8;0.016;109.149;2020-16-07 00:03
9213.1;0.01;687.253;9212.2;0.01;376.765;9219.6;0.01;390.16;9212.2;0.016;109.275;2020-16-07 00:18
9213.8;0.01;687.462;9213.7;0.01;376.489;9219.2;0.01;389.79;9213.7;0.016;109.52;2020-16-07 00:33
9204.9;0.01;688.841;9204.1;0.01;376.926;9211.6;0.01;389.468;9207.0;0.016;109.368;2020-16-07 00:48
9193.2;0.01;692.27;9193.8;0.01;376.142;9198.9;0.01;388.843;9193.3;0.016;109.769;2020-16-07 01:04
9190.4;0.01;691.785;9190.2;0.01;376.949;9197.7;0.01;388.342;9192.1;0.016;109.749;2020-16-07 01:19
9200.8;0.01;692.303;9200.2;0.01;378.615;9208.7;0.01;388.765;9202.6;0.016;109.788;2020-16-07 01:34
9199.2;0.01;692.209;9199.3;0.01;378.215;9205.0;0.01;388.792;9198.7;0.016;109.918;2020-16-07 01:49
9191.1;0.01;694.372;9191.3;0.01;380.556;9198.6;0.01;388.915;9190.9;0.017;110.297;2020-16-07 02:04
9187.0;0.01;696.418;9187.2;0.01;387.356;9194.6;0.01;390.141;9188.0;0.017;110.478;2020-16-07 02:19
9189.2;0.01;697.868;9189.9;0.01;391.107;9199.3;0.01;392.653;9190.8;0.017;110.424;2020-16-07 02:34
9201.1;0.01;695.823;9201.2;0.01;394.422;9207.5;0.01;392.876;9200.5;0.017;110.318;2020-16-07 02:49
9204.7;0.01;695.583;9205.7;0.01;394.033;9212.0;0.01;392.859;9204.4;0.017;110.13;2020-16-07 03:05
9211.0;0.01;695.669;9211.6;0.01;394.949;9220.7;0.01;393.599;9211.4;0.017;109.683;2020-16-07 03:20
9210.4;0.01;695.252;9210.0;0.01;394.18;9216.4;0.01;393.458;9209.7;0.017;109.407;2020-16-07 03:35
9211.9;0.01;694.394;9212.1;0.01;394.008;9219.3;0.01;393.208;9209.8;0.017;109.382;2020-16-07 03:50
9210.9;0.01;694.547;9211.5;0.01;394.472;9220.6;0.01;393.595;9212.1;0.017;109.002;2020-16-07 04:05
9206.7;0.01;694.126;9206.2;0.01;394.631;9213.4;0.01;392.838;9205.9;0.017;109.108;2020-16-07 04:20
9193.8;0.01;694.48;9193.8;0.01;394.429;9204.4;0.01;392.396;9194.9;0.017;109.54;2020-16-07 04:35
9196.7;0.01;694.74;9196.9;0.01;394.562;9205.1;0.01;392.433;9197.5;0.017;109.615;2020-16-07 04:50
9196.2;0.01;694.724;9197.4;0.01;394.249;9205.7;0.01;392.954;9198.0;0.017;109.549;2020-16-07 05:06
9193.1;0.01;695.242;9193.3;0.01;394.188;9201.5;0.01;392.967;9193.5;0.017;109.788;2020-16-07 05:21
9191.5;0.01;694.706;9192.4;0.01;393.629;9199.5;0.01;392.41;9191.9;0.017;109.957;2020-16-07 05:36
9191.5;0.01;695.06;9191.8;0.01;393.406;9200.5;0.01;392.044;9193.6;0.017;109.932;2020-16-07 05:51
9201.8;0.01;695.49;9201.3;0.01;392.818;9209.5;0.01;392.21;9200.5;0.017;109.782;2020-16-07 06:06
9207.4;0.01;695.829;9206.8;0.01;392.569;9213.1;0.01;392.989;9205.2;0.017;109.736;2020-16-07 06:21
9201.6;0.01;695.657;9202.3;0.01;393.573;9210.0;0.01;393.017;9204.2;0.017;109.465;2020-16-07 06:36
9200.5;0.01;695.754;9200.2;0.01;393.24;9207.7;0.01;392.0;9202.0;0.017;109.573;2020-16-07 06:51
9190.7;0.01;695.448;9190.3;0.01;392.217;9198.2;0.01;391.706;9192.7;0.017;109.968;2020-16-07 07:07
9190.6;0.01;695.478;9190.5;0.01;391.786;9200.2;0.01;391.812;9192.3;0.017;110.197;2020-16-07 07:22
9183.2;0.01;694.33;9183.7;0.01;391.434;9194.4;0.01;392.641;9185.0;0.017;110.1;2020-16-07 07:37
9194.5;0.01;691.994;9193.3;0.01;390.287;9204.1;0.01;393.572;9198.5;0.017;109.737;2020-16-07 07:52
9192.0;0.01;691.842;9191.3;0.01;391.528;9202.9;0.01;393.951;9193.0;0.017;109.828;2020-16-07 08:07
9195.7;0.01;690.655;9195.3;0.01;391.516;9205.2;0.01;393.974;9195.5;0.017;110.256;2020-16-07 08:22
9194.0;0.01;690.671;9192.7;0.01;390.862;9202.9;0.01;393.649;9194.1;0.017;110.226;2020-16-07 08:37
9158.3;0.01;699.361;9157.8;0.01;385.818;9169.8;0.01;391.392;9160.7;0.017;110.832;2020-16-07 08:52
9162.2;0.01;707.621;9162.3;0.01;387.889;9168.8;0.01;397.619;9162.6;0.017;111.525;2020-16-07 09:08
9129.2;0.01;717.601;9128.1;0.01;386.105;9139.3;0.01;404.774;9130.8;0.017;113.676;2020-16-07 09:23
9131.9;0.01;718.474;9132.8;0.01;389.616;9147.0;0.01;409.31;9136.4;0.017;113.657;2020-16-07 09:38
9123.6;0.01;719.651;9123.3;0.01;390.898;9132.6;0.01;410.755;9123.8;0.017;113.1;2020-16-07 09:53
9121.7;0.01;721.386;9122.7;0.01;394.195;9137.1;0.01;412.555;9124.9;0.013;116.042;2020-16-07 10:08
9118.4;0.01;720.562;9118.6;0.01;395.982;9135.4;0.01;414.344;9124.2;0.013;117.155;2020-16-07 10:23
9102.0;0.01;721.796;9103.3;0.01;396.352;9119.3;0.01;412.568;9107.5;0.013;117.768;2020-16-07 10:38
9110.8;0.01;722.087;9111.1;0.01;398.062;9124.4;0.01;415.014;9112.5;0.013;117.691;2020-16-07 10:53
9086.5;0.01;726.273;9086.7;0.01;399.148;9097.8;0.01;414.828;9088.2;0.013;118.228;2020-16-07 11:09
9092.6;0.01;721.313;9093.8;0.01;393.805;9104.0;0.01;419.803;9094.6;0.013;117.013;2020-16-07 11:24
9066.4;0.01;726.354;9065.4;0.01;393.603;9075.0;0.01;414.218;9065.2;0.013;118.275;2020-16-07 11:39
9062.0;0.01;727.528;9061.7;0.01;396.502;9073.5;0.01;416.46;9064.6;0.013;117.346;2020-16-07 11:54
9045.9;0.01;732.298;9046.1;0.01;401.204;9057.1;0.01;418.85;9047.1;0.013;115.765;2020-16-07 12:09
9067.6;0.01;732.52;9068.3;0.01;401.284;9079.0;0.01;422.984;9068.5;0.013;115.795;2020-16-07 12:24
9077.6;0.01;733.64;9076.4;0.01;402.323;9086.9;0.01;424.05;9075.3;0.013;115.861;2020-16-07 12:39
9079.1;0.01;733.241;9078.6;0.01;398.071;9089.6;0.01;424.137;9078.0;0.013;116.127;2020-16-07 12:54
9081.9;0.01;733.816;9082.3;0.01;398.348;9092.5;0.01;422.186;9082.7;0.013;115.864;2020-16-07 13:10
9087.6;0.01;734.531;9087.9;0.01;398.456;9098.0;0.01;422.704;9088.3;0.013;115.354;2020-16-07 13:25
9087.1;0.01;734.631;9087.6;0.01;399.364;9100.6;0.01;424.683;9088.1;0.013;115.668;2020-16-07 13:40
9076.7;0.01;734.532;9076.6;0.01;398.075;9090.5;0.01;424.418;9079.1;0.013;115.275;2020-16-07 13:55
9089.0;0.01;735.664;9089.1;0.01;398.569;9102.2;0.01;426.634;9089.5;0.013;115.586;2020-16-07 14:10
9084.6;0.01;734.843;9084.8;0.01;399.217;9097.3;0.01;427.586;9085.5;0.013;115.373;2020-16-07 14:25
9073.4;0.01;734.77;9072.8;0.01;399.823;9084.0;0.01;424.598;9072.3;0.013;115.873;2020-16-07 14:40
9076.3;0.01;736.44;9075.1;0.01;401.276;9085.5;0.01;425.617;9075.1;0.013;115.348;2020-16-07 14:55
9084.2;0.01;730.161;9084.1;0.01;402.227;9093.1;0.01;425.006;9083.4;0.013;114.025;2020-16-07 15:11
9076.7;0.01;730.18;9075.6;0.01;402.72;9085.6;0.01;424.368;9073.8;0.013;114.381;2020-16-07 15:26
9071.7;0.01;732.143;9071.2;0.01;402.361;9079.7;0.01;425.103;9068.9;0.013;114.685;2020-16-07 15:41
9077.6;0.01;730.682;9078.7;0.01;402.664;9087.2;0.01;424.966;9076.9;0.013;114.824;2020-16-07 15:56
9067.8;0.01;731.232;9067.0;0.01;403.144;9076.8;0.01;425.205;9067.2;0.013;114.51;2020-16-07 16:11
9072.0;0.01;730.41;9071.5;0.01;402.171;9079.6;0.01;426.787;9069.9;0.013;114.836;2020-16-07 16:26
9097.4;0.01;728.196;9097.2;0.01;399.944;9102.5;0.01;428.0;9094.4;0.013;113.96;2020-16-07 16:41
9109.3;0.01;725.822;9108.9;0.01;399.903;9114.8;0.01;424.99;9106.3;0.013;114.693;2020-16-07 16:56
9096.9;0.01;727.592;9096.2;0.01;399.838;9106.8;0.01;422.752;9098.7;0.013;114.824;2020-16-07 17:12
9116.0;0.01;727.185;9114.8;0.01;397.19;9124.4;0.01;424.138;9116.1;0.013;113.118;2020-16-07 17:27
9108.5;0.01;728.085;9109.4;0.01;397.337;9115.9;0.01;420.235;9109.0;0.013;113.038;2020-16-07 17:42
9112.3;0.01;730.116;9111.7;0.01;397.577;9121.2;0.01;420.376;9111.8;0.013;113.947;2020-16-07 17:57
9129.1;0.01;728.034;9129.6;0.01;398.206;9137.4;0.01;420.863;9129.4;0.011;114.32;2020-16-07 18:12
9124.8;0.01;728.026;9125.8;0.01;398.508;9127.6;0.01;415.801;9119.7;0.011;114.026;2020-16-07 18:27
9111.9;0.01;726.722;9112.1;0.01;398.215;9114.6;0.01;413.818;9108.5;0.011;114.236;2020-16-07 18:42
9115.6;0.01;726.864;9116.1;0.01;398.466;9120.2;0.01;412.012;9112.8;0.011;114.186;2020-16-07 18:57
9121.6;0.01;727.545;9121.9;0.01;397.883;9127.5;0.01;412.614;9119.9;0.011;114.098;2020-16-07 19:13
9122.0;0.01;727.225;9122.4;0.01;398.977;9126.3;0.01;412.625;9117.3;0.011;113.828;2020-16-07 19:28
9129.0;0.01;726.443;9129.2;0.01;399.315;9133.1;0.01;413.307;9124.8;0.011;114.073;2020-16-07 19:43
9123.5;0.01;726.157;9125.3;0.01;400.343;9127.6;0.01;413.401;9120.8;0.011;113.778;2020-16-07 19:58
9123.4;0.01;725.472;9125.0;0.01;400.874;9125.9;0.01;413.743;9118.0;0.011;113.812;2020-16-07 20:13
9138.2;0.01;718.817;9138.2;0.01;399.585;9139.8;0.01;414.095;9135.2;0.011;112.861;2020-16-07 20:28
9138.5;0.01;717.224;9138.8;0.01;401.154;9141.3;0.01;408.853;9138.5;0.011;112.264;2020-16-07 20:43
9117.9;0.01;717.338;9117.9;0.01;399.804;9127.4;0.01;407.94;9121.9;0.011;112.361;2020-16-07 20:58
9120.8;0.01;717.322;9120.6;0.01;399.546;9128.1;0.01;407.979;9120.9;0.011;112.232;2020-16-07 21:14
9119.3;0.01;717.338;9119.4;0.01;399.738;9126.0;0.01;407.787;9119.2;0.011;112.312;2020-16-07 21:29
9118.3;0.01;718.035;9118.7;0.01;401.013;9125.4;0.01;407.699;9118.1;0.011;112.315;2020-16-07 21:44
9119.2;0.01;717.337;9119.6;0.01;401.376;9126.1;0.01;408.597;9117.2;0.011;112.399;2020-16-07 21:59
9111.8;0.01;717.592;9111.1;0.01;401.158;9116.6;0.01;409.361;9109.7;0.011;112.174;2020-16-07 22:14
9095.8;0.01;716.709;9096.6;0.01;399.526;9103.2;0.01;408.962;9099.7;0.011;112.217;2020-16-07 22:29
9097.1;0.01;717.615;9096.8;0.01;399.78;9105.7;0.01;408.576;9099.1;0.011;112.184;2020-16-07 22:44
9102.9;0.01;716.423;9103.3;0.01;400.623;9111.1;0.01;410.254;9103.7;0.011;112.345;2020-16-07 22:59
9108.8;0.01;716.735;9108.1;0.01;399.757;9114.6;0.01;408.648;9108.7;0.011;112.232;2020-16-07 23:15
9113.9;0.01;717.153;9113.2;0.01;399.484;9118.0;0.01;408.279;9112.9;0.011;111.842;2020-16-07 23:30
9120.2;0.01;718.043;9119.5;0.01;399.151;9122.9;0.01;407.157;9119.3;0.011;111.771;2020-16-07 23:45
9126.1;0.01;717.391;9125.0;0.01;401.556;9130.5;0.01;407.029;9125.1;0.011;112.16;2020-17-07 00:00
9136.4;0.01;716.944;9135.5;0.01;400.384;9137.2;0.01;406.542;9130.5;0.011;112.402;2020-17-07 00:15
9134.6;0.01;715.737;9134.7;0.01;399.697;9138.7;0.01;406.472;9133.3;0.011;112.71;2020-17-07 00:30
9130.5;0.01;715.195;9130.3;0.01;399.762;9130.9;0.01;405.488;9128.0;0.011;112.722;2020-17-07 00:45
9139.9;0.01;715.062;9138.1;0.01;400.195;9144.6;0.01;406.206;9140.4;0.011;112.782;2020-17-07 01:00
9128.9;0.01;714.445;9128.3;0.01;399.905;9132.7;0.01;405.464;9129.9;0.011;113.069;2020-17-07 01:16
9129.7;0.01;714.012;9130.0;0.01;401.078;9133.9;0.01;404.503;9131.1;0.011;112.358;2020-17-07 01:31
9138.2;0.01;713.283;9137.9;0.01;401.176;9142.8;0.01;404.627;9139.9;0.011;112.344;2020-17-07 01:46
9132.0;0.01;712.301;9133.3;0.01;402.301;9138.4;0.01;404.702;9133.7;-0.006;112.183;2020-17-07 02:01
9126.4;0.01;712.615;9126.4;0.01;402.209;9127.9;0.01;404.327;9124.9;-0.006;112.083;2020-17-07 02:16
9126.0;0.01;712.648;9125.8;0.01;401.834;9128.6;0.01;404.12;9125.0;-0.006;111.868;2020-17-07 02:31
9123.8;0.01;712.461;9124.4;0.01;401.391;9127.5;0.01;404.938;9123.3;-0.006;112.076;2020-17-07 02:46
9116.2;0.01;712.234;9116.4;0.01;401.091;9119.1;0.01;404.619;9114.1;-0.006;111.804;2020-17-07 03:01
9123.1;0.01;711.716;9124.1;0.01;401.492;9128.2;0.01;404.725;9121.6;-0.006;112.094;2020-17-07 03:17
9132.2;0.01;711.585;9132.5;0.01;401.558;9139.3;0.01;405.416;9132.6;-0.006;112.092;2020-17-07 03:32
9126.4;0.01;711.512;9127.2;0.01;403.286;9130.3;0.01;404.641;9127.1;-0.006;111.818;2020-17-07 03:47
9117.0;0.01;709.188;9117.4;0.01;402.429;9120.2;0.01;404.183;9117.9;-0.006;112.499;2020-17-07 04:02
9117.7;0.01;708.103;9118.4;0.01;402.402;9122.0;0.01;404.785;9117.5;-0.006;112.444;2020-17-07 04:17
9126.3;0.01;708.166;9127.2;0.01;402.622;9133.4;0.01;405.792;9128.3;-0.006;112.137;2020-17-07 04:32
9125.5;0.01;707.58;9125.8;0.01;402.536;9129.9;0.01;405.527;9127.2;-0.006;112.066;2020-17-07 04:47
9121.6;0.01;706.897;9121.4;0.01;400.998;9125.4;0.01;405.177;9123.0;-0.006;112.112;2020-17-07 05:02
9116.8;0.01;706.907;9118.2;0.01;400.077;9122.3;0.01;405.514;9119.4;-0.006;112.163;2020-17-07 05:18
9115.9;0.01;707.572;9115.8;0.01;399.783;9120.9;0.01;405.888;9117.4;-0.006;112.065;2020-17-07 05:33
9113.7;0.01;707.308;9114.1;0.01;399.576;9116.7;0.01;405.602;9115.0;-0.006;112.166;2020-17-07 05:48
9114.7;0.01;706.287;9114.3;0.01;399.795;9120.8;0.01;405.018;9114.8;-0.006;112.031;2020-17-07 06:03
9116.5;0.01;706.32;9115.8;0.01;400.305;9118.7;0.01;405.253;9116.0;-0.006;112.138;2020-17-07 06:18
9113.7;0.01;705.876;9112.8;0.01;400.103;9116.8;0.01;405.359;9112.3;-0.006;112.326;2020-17-07 06:33
9108.8;0.01;705.841;9108.2;0.01;399.841;9111.5;0.01;405.026;9106.7;-0.006;112.469;2020-17-07 06:48
9112.5;0.01;705.388;9111.8;0.01;400.645;9119.2;0.01;405.175;9114.5;-0.006;112.347;2020-17-07 07:03
9110.8;0.01;704.882;9107.9;0.01;400.499;9112.8;0.01;404.644;9108.1;-0.006;112.44;2020-17-07 07:19
9101.2;0.01;705.174;9100.2;0.01;400.571;9106.8;0.01;404.836;9102.4;-0.006;112.334;2020-17-07 07:34
9095.5;0.01;700.833;9095.5;0.01;398.486;9106.2;0.01;405.137;9099.4;-0.006;112.806;2020-17-07 07:49
9106.2;0.01;701.231;9105.5;0.01;398.501;9113.4;0.01;406.497;9108.1;-0.006;112.727;2020-17-07 08:04
9117.5;0.01;700.056;9117.2;0.01;398.503;9123.7;0.01;406.434;9120.4;-0.006;112.589;2020-17-07 08:19
9126.7;0.01;699.459;9124.8;0.01;399.715;9130.1;0.01;406.816;9127.2;-0.006;112.584;2020-17-07 08:34
9113.9;0.01;697.281;9113.1;0.01;400.972;9120.3;0.01;406.023;9115.1;-0.006;112.477;2020-17-07 08:49
9121.3;0.01;697.191;9120.2;0.01;401.207;9127.2;0.01;407.308;9123.2;-0.006;112.406;2020-17-07 09:04
9119.7;0.01;699.353;9119.0;0.01;401.582;9126.7;0.01;406.956;9123.2;-0.006;111.976;2020-17-07 09:20
9109.7;0.01;699.995;9108.9;0.01;401.182;9117.6;0.01;406.627;9113.6;-0.006;112.765;2020-17-07 09:35
9110.2;0.01;702.047;9109.7;0.01;401.612;9119.2;0.01;407.189;9114.3;-0.006;112.208;2020-17-07 09:50
9098.7;0.01;704.948;9099.1;0.01;402.344;9111.2;0.01;408.255;9104.9;0.01;111.992;2020-17-07 10:05
9103.0;0.01;705.663;9103.5;0.01;401.578;9115.2;0.01;409.943;9108.3;0.01;111.864;2020-17-07 10:20
9094.4;0.01;706.897;9094.5;0.01;401.627;9104.0;0.01;408.55;9098.5;0.01;112.858;2020-17-07 10:35
9092.9;0.01;707.273;9093.1;0.01;401.992;9106.6;0.01;410.696;9098.9;0.01;112.994;2020-17-07 10:50
9099.3;0.01;708.1;9099.0;0.01;400.837;9107.2;0.01;410.493;9103.2;0.01;112.94;2020-17-07 11:05
9096.4;0.01;708.226;9096.5;0.01;399.619;9104.0;0.01;411.813;9099.8;0.01;112.772;2020-17-07 11:21
9107.1;0.01;708.333;9107.4;0.01;399.779;9115.5;0.01;411.523;9111.5;0.01;113.428;2020-17-07 11:36
9113.7;0.01;708.34;9114.5;0.01;400.482;9121.8;0.01;411.029;9119.8;0.01;113.043;2020-17-07 11:51
9105.8;0.01;711.22;9106.0;0.01;400.192;9117.4;0.01;411.251;9110.4;0.01;113.023;2020-17-07 12:06
9114.1;0.01;711.541;9116.0;0.01;400.238;9126.1;0.01;413.333;9119.5;0.01;112.969;2020-17-07 12:21
9117.7;0.01;712.203;9117.9;0.01;401.446;9125.1;0.01;413.053;9119.4;0.01;113.003;2020-17-07 12:36
9112.0;0.01;712.047;9112.3;0.01;401.763;9116.9;0.01;412.15;9114.0;0.01;113.474;2020-17-07 12:51
9110.5;0.01;711.093;9110.4;0.01;401.584;9115.1;0.01;411.56;9108.7;0.01;113.478;2020-17-07 13:07
9109.2;0.01;711.093;9110.6;0.01;401.551;9113.9;0.01;411.237;9109.2;0.01;113.501;2020-17-07 13:22
9108.0;0.01;710.902;9108.7;0.01;401.173;9112.4;0.01;411.641;9106.9;0.01;113.391;2020-17-07 13:37
9130.8;0.01;711.318;9131.7;0.01;396.186;9136.8;0.01;415.683;9134.4;0.01;113.886;2020-17-07 13:52
9147.8;0.01;709.439;9153.0;0.01;392.063;9157.6;0.01;409.138;9155.2;0.01;113.789;2020-17-07 14:07
9173.1;0.01;701.114;9172.6;0.01;385.021;9175.4;0.01;408.514;9170.3;0.01;113.861;2020-17-07 14:22
9156.1;0.01;701.309;9156.0;0.01;384.823;9159.5;0.01;408.989;9155.5;0.01;114.192;2020-17-07 14:37
9158.9;0.01;700.499;9158.3;0.01;384.889;9164.0;0.01;410.825;9158.2;0.01;113.954;2020-17-07 14:52
9164.2;0.01;701.556;9164.6;0.01;386.169;9167.9;0.01;411.078;9163.5;0.01;113.886;2020-17-07 15:08
9151.6;0.01;702.74;9149.9;0.01;384.09;9153.3;0.01;410.995;9147.2;0.01;114.352;2020-17-07 15:23
9156.4;0.01;703.023;9155.6;0.01;383.338;9159.7;0.01;412.956;9154.5;0.01;114.014;2020-17-07 15:38
9152.8;0.01;702.867;9152.7;0.01;384.627;9158.5;0.01;412.216;9152.9;0.01;114.576;2020-17-07 15:53
9151.7;0.01;700.717;9151.8;0.01;384.903;9155.9;0.01;412.005;9150.0;0.01;114.656;2020-17-07 16:08
9154.5;0.01;700.817;9153.7;0.01;384.203;9155.8;0.01;411.613;9149.7;0.01;115.055;2020-17-07 16:23
9141.9;0.01;701.139;9141.8;0.01;383.13;9145.1;0.01;409.701;9139.4;0.01;114.734;2020-17-07 16:38
9144.1;0.01;702.649;9143.1;0.01;383.499;9150.4;0.01;410.755;9143.2;0.01;114.721;2020-17-07 16:53
9153.9;0.01;702.234;9153.0;0.01;385.097;9157.2;0.01;411.269;9151.8;0.01;114.928;2020-17-07 17:09
9159.0;0.01;701.694;9158.3;0.01;385.728;9160.1;0.01;410.763;9153.1;0.01;114.59;2020-17-07 17:24
9144.2;0.01;701.411;9143.5;0.01;385.268;9147.1;0.01;409.709;9141.6;0.01;114.435;2020-17-07 17:39
9146.4;0.01;701.497;9146.2;0.01;385.73;9148.6;0.01;407.837;9142.5;0.01;114.53;2020-17-07 17:54
9156.4;0.01;702.843;9156.0;0.01;386.662;9158.1;0.01;410.873;9152.1;0.007;114.48;2020-17-07 18:09
9153.1;0.01;702.297;9152.6;0.01;386.637;9155.2;0.01;410.24;9150.9;0.007;114.595;2020-17-07 18:24
9149.9;0.01;702.165;9150.6;0.01;386.556;9152.2;0.01;410.533;9147.2;0.007;114.595;2020-17-07 18:39
9145.7;0.01;702.323;9146.6;0.01;387.994;9147.7;0.01;410.951;9143.6;0.007;114.515;2020-17-07 18:55
