240.6;0.089;52.327;240.6;0.01;37.985;240.6;0.01;78.804;240.6;0.048;35.515;2020-10-07 17:45
240.7;0.089;52.075;240.6;0.01;37.797;240.7;0.01;79.038;240.6;0.006;35.326;2020-10-07 18:00
240.1;0.089;52.062;240.0;0.01;38.008;240.1;0.01;79.241;240.0;0.006;35.14;2020-10-07 18:15
239.2;0.089;51.875;239.1;0.01;37.513;239.3;0.01;78.769;239.2;0.006;35.064;2020-10-07 18:30
239.6;0.089;51.792;239.5;0.01;37.533;239.7;0.01;78.012;239.7;0.006;35.109;2020-10-07 18:45
239.7;0.089;51.75;239.6;0.01;37.492;239.7;0.01;77.859;239.5;0.006;35.052;2020-10-07 19:00
238.9;0.089;51.684;238.9;0.01;37.424;239.0;0.01;77.655;239.0;0.006;34.982;2020-10-07 19:15
238.7;0.089;51.727;238.7;0.01;37.341;238.7;0.01;76.999;238.7;0.006;35.054;2020-10-07 19:30
239.2;0.089;51.794;239.2;0.01;37.308;239.2;0.01;77.261;239.2;0.006;34.999;2020-10-07 19:46
239.2;0.089;52.019;239.2;0.01;37.381;239.3;0.01;77.334;239.2;0.006;35.014;2020-10-07 20:01
239.2;0.089;51.893;239.2;0.01;37.422;239.4;0.01;77.372;239.3;0.006;34.98;2020-10-07 20:16
238.8;0.089;51.955;238.7;0.01;37.623;238.8;0.01;77.168;238.7;0.006;34.947;2020-10-07 20:31
238.7;0.089;52.035;238.8;0.01;37.593;238.8;0.01;77.163;238.7;0.006;34.916;2020-10-07 20:46
239.0;0.089;52.0;239.0;0.01;37.596;239.0;0.01;77.145;239.1;0.006;34.907;2020-10-07 21:01
239.2;0.089;52.112;239.2;0.01;37.463;239.2;0.01;77.158;239.2;0.006;34.93;2020-10-07 21:16
239.3;0.089;52.165;239.3;0.01;37.334;239.4;0.01;77.298;239.4;0.006;34.977;2020-10-07 21:31
239.6;0.089;52.268;239.7;0.01;37.484;239.6;0.01;77.077;239.5;0.006;34.869;2020-10-07 21:47
239.7;0.044;52.333;239.6;0.01;37.476;239.6;0.01;76.92;239.6;0.006;34.837;2020-10-07 22:02
240.0;0.044;52.307;239.9;0.01;37.385;239.9;0.01;77.157;239.9;0.006;34.818;2020-10-07 22:17
239.9;0.044;52.224;239.8;0.01;37.419;239.9;0.01;77.127;239.8;0.006;34.836;2020-10-07 22:32
239.3;0.044;52.226;239.2;0.01;37.251;239.2;0.01;76.722;239.1;0.006;34.856;2020-10-07 22:47
239.3;0.044;51.979;239.3;0.01;37.08;239.2;0.01;76.602;239.2;0.006;34.854;2020-10-07 23:02
238.9;0.044;51.994;238.8;0.01;36.931;238.8;0.01;76.328;238.7;0.006;34.853;2020-10-07 23:17
239.0;0.044;51.862;238.9;0.01;36.667;238.9;0.01;76.272;239.0;0.006;34.819;2020-10-07 23:32
239.1;0.044;51.877;239.1;0.01;36.867;239.1;0.01;76.186;239.1;0.006;34.854;2020-10-07 23:48
239.0;0.044;51.902;238.9;0.01;36.874;239.0;0.01;76.162;239.0;0.006;34.882;2020-11-07 00:03
238.9;0.044;51.85;238.9;0.01;36.475;239.0;0.01;76.189;239.1;0.006;34.82;2020-11-07 00:18
240.0;0.044;51.853;240.0;0.01;36.664;240.1;0.01;76.21;240.2;0.006;34.909;2020-11-07 00:33
240.0;0.044;51.884;239.9;0.01;36.41;239.9;0.01;75.962;240.0;0.006;34.95;2020-11-07 00:48
239.8;0.044;51.89;239.8;0.01;36.632;239.7;0.01;75.785;239.7;0.006;34.968;2020-11-07 01:03
240.4;0.044;51.939;240.3;0.01;36.741;240.3;0.01;76.104;240.3;0.006;35.056;2020-11-07 01:18
241.4;0.044;51.93;241.4;0.01;36.352;241.2;0.01;76.288;241.2;0.006;35.264;2020-11-07 01:33
241.2;0.044;51.845;241.1;0.01;36.431;241.1;0.01;76.455;241.1;0.006;35.453;2020-11-07 01:49
241.6;0.044;51.918;241.5;0.01;36.435;241.4;0.01;76.88;241.3;0.006;35.481;2020-11-07 02:04
241.1;0.044;52.062;241.1;0.01;36.574;241.0;0.01;76.702;241.1;0.006;35.478;2020-11-07 02:19
241.5;0.044;52.114;241.5;0.01;36.616;241.4;0.01;76.935;241.5;0.006;35.548;2020-11-07 02:34
241.3;0.044;52.081;241.2;0.01;36.681;241.2;0.01;76.877;241.2;0.006;35.579;2020-11-07 02:49
240.9;0.044;52.096;240.9;0.01;36.678;240.9;0.01;77.022;240.9;0.006;35.557;2020-11-07 03:04
240.5;0.044;52.334;240.4;0.01;36.034;240.4;0.01;76.886;240.4;0.006;35.727;2020-11-07 03:19
240.6;0.044;52.308;240.6;0.01;35.878;240.6;0.01;76.886;240.7;0.006;35.927;2020-11-07 03:34
240.9;0.044;52.366;240.9;0.01;35.915;241.0;0.01;77.173;241.1;0.006;35.956;2020-11-07 03:50
241.4;0.044;52.64;241.4;0.01;36.3;241.3;0.01;77.747;241.3;0.006;36.165;2020-11-07 04:05
240.9;0.044;52.781;240.9;0.01;36.374;241.1;0.01;77.663;241.0;0.006;36.122;2020-11-07 04:20
241.1;0.044;52.783;241.1;0.01;36.247;241.2;0.01;77.728;241.2;0.006;36.069;2020-11-07 04:35
241.1;0.044;52.806;241.1;0.01;36.232;241.1;0.01;77.749;241.0;0.006;36.093;2020-11-07 04:50
241.3;0.044;53.051;241.3;0.01;35.819;241.3;0.01;77.613;241.3;0.006;36.041;2020-11-07 05:05
240.7;0.044;52.773;240.7;0.01;36.023;240.8;0.01;77.598;240.8;0.006;36.144;2020-11-07 05:20
240.5;0.044;52.777;240.5;0.01;35.877;240.6;0.01;77.355;240.6;0.006;36.07;2020-11-07 05:35
240.3;0.044;52.714;240.3;0.01;35.929;240.3;0.01;77.008;240.3;0.006;36.112;2020-11-07 05:51
240.3;0.035;52.731;240.2;0.01;35.561;240.3;0.01;77.147;240.3;0.006;36.163;2020-11-07 06:06
240.6;0.035;52.721;240.5;0.01;35.428;240.6;0.01;77.226;240.7;0.006;36.129;2020-11-07 06:21
240.8;0.035;52.69;240.7;0.01;35.382;240.8;0.01;77.176;240.8;0.006;36.11;2020-11-07 06:36
240.3;0.035;52.414;240.2;0.01;35.34;240.2;0.01;76.9;240.1;0.006;36.116;2020-11-07 06:51
240.0;0.035;52.259;239.9;0.01;35.387;239.9;0.01;76.731;239.8;0.006;36.182;2020-11-07 07:06
240.4;0.035;52.44;240.4;0.01;35.451;240.4;0.01;76.834;240.4;0.006;36.051;2020-11-07 07:21
240.2;0.035;52.321;240.1;0.01;35.407;240.2;0.01;76.997;240.2;0.006;36.01;2020-11-07 07:36
240.2;0.035;52.436;240.2;0.01;35.437;240.2;0.01;77.042;240.2;0.006;35.991;2020-11-07 07:52
240.0;0.035;52.467;239.9;0.01;35.677;240.0;0.01;77.026;240.0;0.006;35.886;2020-11-07 08:07
240.0;0.035;52.45;239.9;0.01;35.633;239.9;0.01;77.036;239.9;0.006;35.884;2020-11-07 08:22
240.2;0.035;52.429;240.1;0.01;35.633;240.0;0.01;76.425;240.1;0.006;35.854;2020-11-07 08:37
239.9;0.035;52.437;239.9;0.01;35.51;239.8;0.01;76.023;239.9;0.006;35.937;2020-11-07 08:52
240.5;0.035;52.462;240.4;0.01;35.551;240.4;0.01;76.178;240.5;0.006;35.897;2020-11-07 09:07
240.8;0.035;52.467;240.7;0.01;35.595;240.8;0.01;76.434;240.8;0.006;35.923;2020-11-07 09:22
240.6;0.035;52.385;240.6;0.01;35.619;240.5;0.01;76.361;240.6;0.006;35.861;2020-11-07 09:37
240.7;0.035;52.51;240.6;0.01;35.704;240.6;0.01;76.402;240.7;0.006;35.875;2020-11-07 09:52
240.6;0.035;52.433;240.6;0.01;35.748;240.5;0.01;76.408;240.5;0.017;35.864;2020-11-07 10:08
240.3;0.035;52.361;240.3;0.01;35.635;240.2;0.01;76.258;240.2;0.017;35.882;2020-11-07 10:23
240.5;0.035;52.54;240.5;0.01;35.688;240.4;0.01;76.159;240.5;0.017;35.842;2020-11-07 10:38
240.5;0.035;52.566;240.5;0.01;35.781;240.4;0.01;76.11;240.4;0.017;35.835;2020-11-07 10:53
240.1;0.035;52.505;240.1;0.01;35.686;240.0;0.01;76.039;240.0;0.017;35.809;2020-11-07 11:08
239.3;0.035;52.113;239.3;0.01;35.066;239.3;0.01;75.398;239.4;0.017;35.751;2020-11-07 11:23
238.3;0.035;52.695;238.3;0.01;34.942;238.4;0.01;75.03;238.4;0.017;35.526;2020-11-07 11:38
238.7;0.035;52.868;238.7;0.01;34.702;238.6;0.01;75.126;238.6;0.017;35.761;2020-11-07 11:53
239.1;0.035;52.777;239.0;0.01;34.561;239.0;0.01;75.305;239.0;0.017;35.8;2020-11-07 12:09
239.0;0.035;53.131;239.0;0.01;35.081;238.9;0.01;75.374;239.0;0.017;35.738;2020-11-07 12:24
239.0;0.035;53.127;239.0;0.01;35.154;239.0;0.01;75.331;239.0;0.017;35.71;2020-11-07 12:39
238.9;0.035;53.121;238.9;0.01;35.157;238.9;0.01;74.925;238.9;0.017;35.655;2020-11-07 12:54
238.8;0.035;53.128;238.8;0.01;35.161;238.8;0.01;74.808;238.9;0.017;35.544;2020-11-07 13:09
239.3;0.035;53.075;239.3;0.01;35.161;239.2;0.01;74.813;239.2;0.017;35.701;2020-11-07 13:24
239.1;0.035;53.17;239.1;0.01;35.259;239.0;0.01;74.714;239.1;0.017;35.708;2020-11-07 13:39
238.8;0.035;53.207;238.8;0.01;35.285;238.8;0.01;74.636;238.8;0.017;35.731;2020-11-07 13:55
239.1;0.01;53.109;239.1;0.01;35.201;239.0;0.01;74.51;239.1;0.017;35.625;2020-11-07 14:10
239.1;0.01;53.115;239.1;0.01;35.293;239.1;0.01;74.688;239.1;0.017;35.603;2020-11-07 14:25
239.0;0.01;52.917;239.0;0.01;35.381;239.0;0.01;74.686;239.1;0.017;35.574;2020-11-07 14:40
239.0;0.01;52.874;239.0;0.01;35.384;239.0;0.01;74.487;239.0;0.017;35.594;2020-11-07 14:55
238.7;0.01;53.032;238.7;0.01;35.314;238.7;0.01;74.16;238.6;0.017;35.477;2020-11-07 15:10
238.6;0.01;52.872;238.5;0.01;35.263;238.6;0.01;73.732;238.7;0.017;35.37;2020-11-07 15:25
238.9;0.01;52.854;238.9;0.01;35.206;238.9;0.01;73.821;238.9;0.017;35.366;2020-11-07 15:40
239.1;0.01;52.949;239.1;0.01;35.189;239.1;0.01;73.683;239.2;0.017;35.487;2020-11-07 15:56
238.8;0.01;53.049;238.7;0.01;35.444;238.9;0.01;73.58;238.8;0.017;35.427;2020-11-07 16:11
239.0;0.01;53.056;239.0;0.01;35.484;239.0;0.01;73.778;239.1;0.017;35.355;2020-11-07 16:26
239.4;0.01;53.149;239.4;0.01;35.564;239.5;0.01;72.843;239.5;0.017;35.424;2020-11-07 16:41
239.9;0.01;53.038;239.9;0.01;35.23;239.8;0.01;72.739;239.9;0.017;35.425;2020-11-07 16:56
239.9;0.01;53.051;239.9;0.01;35.107;239.8;0.01;72.978;239.8;0.017;35.55;2020-11-07 17:11
239.8;0.01;53.127;239.8;0.01;35.21;239.7;0.01;72.935;239.7;0.017;35.545;2020-11-07 17:26
239.6;0.01;53.115;239.6;0.01;35.284;239.6;0.01;73.011;239.6;0.017;35.788;2020-11-07 17:41
239.6;0.01;52.989;239.5;0.01;35.356;239.5;0.01;72.924;239.6;0.017;35.666;2020-11-07 17:57
240.4;0.01;53.328;240.4;0.01;35.439;240.3;0.01;73.259;240.4;-0.0;35.786;2020-11-07 18:12
240.1;0.01;53.317;240.1;0.01;35.39;240.1;0.01;73.568;240.1;-0.0;35.805;2020-11-07 18:27
239.2;0.01;52.873;239.2;0.01;35.345;239.2;0.01;72.951;239.2;-0.0;35.455;2020-11-07 18:42
239.1;0.01;52.696;239.1;0.01;35.606;239.1;0.01;73.081;239.1;-0.0;35.504;2020-11-07 18:57
239.4;0.01;52.578;239.4;0.01;35.507;239.4;0.01;72.849;239.5;-0.0;35.539;2020-11-07 19:12
239.0;0.01;52.808;239.0;0.01;35.538;239.0;0.01;72.702;239.1;-0.0;35.577;2020-11-07 19:27
239.3;0.01;52.802;239.3;0.01;35.561;239.2;0.01;72.783;239.3;-0.0;35.534;2020-11-07 19:42
239.0;0.01;52.948;239.0;0.01;35.919;239.0;0.01;72.659;239.0;-0.0;35.456;2020-11-07 19:58
238.6;0.01;52.923;238.6;0.01;35.934;238.6;0.01;72.584;238.6;-0.0;35.425;2020-11-07 20:13
238.9;0.01;52.913;238.9;0.01;36.293;238.8;0.01;72.781;238.8;-0.0;35.411;2020-11-07 20:28
239.2;0.01;52.89;239.2;0.01;36.272;239.1;0.01;72.888;239.1;-0.0;35.403;2020-11-07 20:43
239.0;0.01;52.936;239.1;0.01;36.723;239.0;0.01;72.831;239.1;-0.0;35.41;2020-11-07 20:58
238.7;0.01;53.014;238.6;0.01;36.845;238.7;0.01;72.711;238.7;-0.0;35.395;2020-11-07 21:13
238.8;0.01;52.979;238.8;0.01;36.741;238.8;0.01;72.758;238.7;-0.0;35.346;2020-11-07 21:28
238.7;0.01;53.138;238.7;0.01;36.551;238.6;0.01;72.701;238.6;-0.0;35.315;2020-11-07 21:44
238.0;0.01;53.349;238.1;0.01;36.514;238.0;0.01;72.282;238.0;-0.0;35.592;2020-11-07 21:59
238.3;0.01;53.183;238.3;0.01;36.729;238.4;0.01;72.78;238.4;-0.0;35.646;2020-11-07 22:14
238.7;0.01;53.23;238.7;0.01;36.672;238.8;0.01;73.067;238.8;-0.0;35.491;2020-11-07 22:29
238.6;0.01;53.149;238.6;0.01;36.71;238.6;0.01;73.118;238.6;-0.0;35.473;2020-11-07 22:44
238.7;0.01;53.269;238.7;0.01;36.767;238.7;0.01;73.155;238.7;-0.0;35.445;2020-11-07 22:59
238.7;0.01;53.243;238.6;0.01;36.776;238.6;0.01;73.094;238.6;-0.0;35.331;2020-11-07 23:15
238.6;0.01;53.246;238.6;0.01;36.405;238.5;0.01;72.936;238.6;-0.0;35.324;2020-11-07 23:30
238.9;0.01;53.25;238.9;0.01;35.959;238.8;0.01;72.949;238.9;-0.0;35.331;2020-11-07 23:45
239.0;0.01;53.303;239.0;0.01;35.689;238.9;0.01;72.776;238.9;-0.0;35.314;2020-12-07 00:00
239.0;0.01;53.153;238.9;0.01;35.582;238.9;0.01;72.684;239.0;-0.0;35.289;2020-12-07 00:15
238.9;0.01;53.186;238.9;0.01;35.514;238.8;0.01;72.694;238.8;-0.0;35.431;2020-12-07 00:30
238.8;0.01;53.213;238.8;0.01;35.443;238.8;0.01;72.625;238.8;-0.0;35.412;2020-12-07 00:45
238.7;0.01;53.193;238.7;0.01;35.488;238.7;0.01;72.537;238.7;-0.0;35.409;2020-12-07 01:00
239.3;0.01;53.144;239.4;0.01;35.448;239.3;0.01;72.633;239.5;-0.0;35.503;2020-12-07 01:16
239.8;0.01;53.233;239.8;0.01;35.483;239.8;0.01;72.873;239.8;-0.0;35.538;2020-12-07 01:31
239.5;0.01;53.167;239.5;0.01;35.417;239.4;0.01;72.342;239.4;-0.0;35.513;2020-12-07 01:46
239.4;0.01;53.075;239.4;0.01;35.335;239.4;0.01;72.26;239.4;0.007;35.466;2020-12-07 02:01
239.8;0.01;53.176;239.8;0.01;34.369;239.8;0.01;72.696;239.8;0.007;35.469;2020-12-07 02:16
240.0;0.01;53.084;240.0;0.01;34.61;239.9;0.01;73.099;240.0;0.007;35.258;2020-12-07 02:31
239.7;0.01;52.993;239.7;0.01;34.697;239.7;0.01;73.184;239.7;0.007;35.318;2020-12-07 02:46
240.1;0.01;53.048;240.1;0.01;34.899;240.1;0.01;73.341;240.2;0.007;35.259;2020-12-07 03:01
240.0;0.01;52.978;240.0;0.01;34.941;239.9;0.01;72.797;239.9;0.007;35.453;2020-12-07 03:17
240.4;0.01;53.019;240.4;0.01;34.909;240.4;0.01;72.843;240.4;0.007;35.393;2020-12-07 03:32
240.4;0.01;53.0;240.5;0.01;36.093;240.4;0.01;73.009;240.4;0.007;35.4;2020-12-07 03:47
240.5;0.01;52.987;240.6;0.01;36.154;240.5;0.01;72.787;240.6;0.007;35.494;2020-12-07 04:02
240.6;0.01;53.116;240.6;0.01;36.181;240.5;0.01;73.584;240.5;0.007;35.789;2020-12-07 04:17
240.6;0.01;53.122;240.7;0.01;36.285;240.6;0.01;73.74;240.6;0.007;35.769;2020-12-07 04:32
240.3;0.01;53.162;240.3;0.01;36.43;240.3;0.01;73.889;240.2;0.007;35.778;2020-12-07 04:47
240.7;0.01;53.214;240.7;0.01;36.373;240.6;0.01;73.779;240.6;0.007;35.85;2020-12-07 05:02
241.2;0.01;53.333;241.2;0.01;36.553;241.0;0.01;74.214;241.1;0.007;35.942;2020-12-07 05:18
241.3;0.01;53.227;241.3;0.01;36.457;241.2;0.01;73.894;241.3;0.007;36.249;2020-12-07 05:33
241.0;0.01;53.221;241.0;0.01;36.478;240.9;0.01;74.508;240.9;0.007;36.388;2020-12-07 05:48
241.4;0.01;53.412;241.4;0.01;36.746;241.2;0.01;74.424;241.4;0.007;36.537;2020-12-07 06:03
241.3;0.01;53.21;241.3;0.01;37.104;241.1;0.01;74.385;241.1;0.007;36.759;2020-12-07 06:18
241.1;0.01;53.233;241.1;0.01;37.291;241.0;0.01;74.49;241.0;0.007;36.895;2020-12-07 06:33
240.9;0.01;53.298;240.8;0.01;37.372;240.7;0.01;74.387;240.7;0.007;36.924;2020-12-07 06:48
240.9;0.01;53.325;240.9;0.01;37.374;240.7;0.01;74.254;240.7;0.007;36.971;2020-12-07 07:03
240.6;0.01;53.32;240.6;0.01;37.364;240.5;0.01;74.183;240.5;0.007;36.945;2020-12-07 07:19
240.6;0.01;53.322;240.6;0.01;37.371;240.4;0.01;74.071;240.5;0.007;37.004;2020-12-07 07:34
241.1;0.01;53.099;241.0;0.01;37.283;240.9;0.01;74.064;240.9;0.007;37.046;2020-12-07 07:49
241.2;0.01;53.19;241.2;0.01;37.194;241.0;0.01;74.615;241.1;0.007;36.987;2020-12-07 08:04
240.9;0.01;53.061;240.9;0.01;37.28;240.8;0.01;74.952;240.8;0.007;36.96;2020-12-07 08:19
240.8;0.01;53.066;240.8;0.01;37.255;240.6;0.01;74.896;240.7;0.007;37.015;2020-12-07 08:34
240.6;0.01;53.141;240.6;0.01;37.276;240.5;0.01;74.878;240.4;0.007;36.974;2020-12-07 08:49
240.7;0.01;53.189;240.7;0.01;37.361;240.7;0.01;74.912;240.7;0.007;36.895;2020-12-07 09:04
240.6;0.01;53.062;240.6;0.01;37.404;240.4;0.01;74.932;240.4;0.007;36.723;2020-12-07 09:20
240.6;0.01;53.139;240.5;0.01;37.405;240.4;0.01;75.155;240.5;0.007;36.604;2020-12-07 09:35
240.3;0.01;53.278;240.3;0.01;37.552;240.2;0.01;75.07;240.3;0.007;36.079;2020-12-07 09:50
240.6;0.01;53.411;240.6;0.01;37.422;240.5;0.01;75.04;240.7;-0.017;36.213;2020-12-07 10:05
240.9;0.01;53.431;240.8;0.01;37.485;240.7;0.01;75.292;240.8;-0.017;36.153;2020-12-07 10:20
240.9;0.01;53.481;240.9;0.01;37.411;240.8;0.01;75.851;240.9;-0.017;36.061;2020-12-07 10:35
240.2;0.01;53.221;240.3;0.01;37.174;240.2;0.01;75.617;240.2;-0.017;36.029;2020-12-07 10:50
240.0;0.01;53.149;240.0;0.01;37.301;240.0;0.01;75.079;240.0;-0.017;35.37;2020-12-07 11:05
239.8;0.01;53.108;239.8;0.01;37.45;239.9;0.01;74.631;239.8;-0.017;34.128;2020-12-07 11:21
240.1;0.01;52.936;240.1;0.01;37.529;240.0;0.01;74.797;240.0;-0.017;34.214;2020-12-07 11:36
240.3;0.01;52.964;240.3;0.01;37.237;240.2;0.01;74.832;240.3;-0.017;34.048;2020-12-07 11:51
240.6;0.01;52.713;240.6;0.01;37.21;240.6;0.01;74.959;240.6;-0.017;33.928;2020-12-07 12:06
240.3;0.01;52.621;240.4;0.01;37.521;240.4;0.01;75.198;240.3;-0.017;35.274;2020-12-07 12:21
240.4;0.01;52.607;240.4;0.01;37.406;240.5;0.01;75.362;240.4;-0.017;35.309;2020-12-07 12:36
240.2;0.01;52.74;240.1;0.01;37.464;240.2;0.01;75.439;240.2;-0.017;35.358;2020-12-07 12:51
240.2;0.01;52.888;240.2;0.01;37.552;240.2;0.01;75.532;240.2;-0.017;35.216;2020-12-07 13:07
239.9;0.01;52.79;239.9;0.01;37.611;239.9;0.01;75.385;239.9;-0.017;35.145;2020-12-07 13:22
239.8;0.01;52.831;239.8;0.01;37.586;239.8;0.01;75.336;239.8;-0.017;35.182;2020-12-07 13:37
239.7;0.01;52.768;239.8;0.01;37.484;239.6;0.01;75.582;239.7;-0.017;35.552;2020-12-07 13:52
240.0;0.017;52.733;239.9;0.01;37.538;239.9;0.01;75.551;240.1;-0.017;35.359;2020-12-07 14:07
240.0;0.017;52.794;240.0;0.01;37.547;240.0;0.01;75.576;240.2;-0.017;35.298;2020-12-07 14:22
240.3;0.017;52.802;240.2;0.01;37.32;240.1;0.01;75.611;240.3;-0.017;34.417;2020-12-07 14:37
240.7;0.017;52.881;240.6;0.01;37.306;240.5;0.01;75.653;240.7;-0.017;34.235;2020-12-07 14:52
240.7;0.017;52.814;240.6;0.01;37.25;240.5;0.01;75.668;240.7;-0.017;34.093;2020-12-07 15:08
243.0;0.017;53.438;243.1;0.01;37.775;243.0;0.01;79.596;243.1;-0.017;34.66;2020-12-07 15:23
238.2;0.017;50.873;238.2;0.01;34.389;238.1;0.01;74.311;238.2;-0.017;34.348;2020-12-07 15:38
237.6;0.017;51.258;237.6;0.01;35.059;237.6;0.01;74.468;237.6;-0.017;34.455;2020-12-07 15:53
238.0;0.017;51.823;238.0;0.01;33.803;237.9;0.01;74.794;238.0;-0.017;34.67;2020-12-07 16:08
237.3;0.017;51.726;237.4;0.01;33.938;237.4;0.01;74.627;237.4;-0.017;34.957;2020-12-07 16:23
237.4;0.017;51.635;237.3;0.01;34.42;237.3;0.01;74.912;237.3;-0.017;34.792;2020-12-07 16:38
237.8;0.017;51.697;237.8;0.01;34.524;237.8;0.01;75.206;237.8;-0.017;34.733;2020-12-07 16:53
237.5;0.017;51.41;237.5;0.01;34.675;237.5;0.01;74.489;237.6;-0.017;34.8;2020-12-07 17:09
237.9;0.017;51.348;237.9;0.01;34.629;237.9;0.01;74.754;237.9;-0.017;34.804;2020-12-07 17:24
237.9;0.017;51.322;237.9;0.01;35.092;237.9;0.01;74.667;237.9;-0.017;34.74;2020-12-07 17:39
237.9;0.017;51.266;237.9;0.01;35.088;237.8;0.01;74.519;237.8;-0.017;34.779;2020-12-07 17:54
237.8;0.017;50.937;237.8;0.01;34.997;237.8;0.01;74.681;237.7;0.0;34.73;2020-12-07 18:09
237.7;0.017;50.983;237.7;0.01;34.982;237.7;0.01;74.607;237.7;0.0;34.764;2020-12-07 18:24
238.3;0.017;50.817;238.3;0.01;34.974;238.3;0.01;74.665;238.3;0.0;34.901;2020-12-07 18:39
238.3;0.017;50.688;238.3;0.01;34.94;238.2;0.01;74.444;238.2;0.0;34.904;2020-12-07 18:54
238.2;0.017;50.635;238.2;0.01;34.972;238.2;0.01;74.282;238.2;0.0;34.943;2020-12-07 19:10
238.3;0.017;50.714;238.3;0.01;34.985;238.2;0.01;74.266;238.2;0.0;34.943;2020-12-07 19:25
238.2;0.017;50.735;238.2;0.01;34.979;238.2;0.01;74.155;238.2;0.0;34.922;2020-12-07 19:40
238.3;0.017;50.64;238.3;0.01;34.94;238.3;0.01;74.422;238.3;0.0;34.856;2020-12-07 19:55
238.6;0.017;50.491;238.6;0.01;34.696;238.6;0.01;74.415;238.5;0.0;34.872;2020-12-07 20:10
238.6;0.017;50.433;238.6;0.01;34.458;238.6;0.01;74.416;238.5;0.0;34.855;2020-12-07 20:25
238.4;0.017;50.386;238.4;0.01;34.677;238.4;0.01;74.269;238.4;0.0;34.832;2020-12-07 20:40
238.4;0.017;50.39;238.4;0.01;34.738;238.5;0.01;74.036;238.4;0.0;34.822;2020-12-07 20:56
238.2;0.017;50.387;238.2;0.01;34.786;238.2;0.01;73.725;238.1;0.0;34.865;2020-12-07 21:11
237.7;0.017;50.469;237.7;0.01;35.115;237.6;0.01;72.775;237.7;0.0;34.811;2020-12-07 21:26
237.6;0.017;50.615;237.6;0.01;35.147;237.7;0.01;72.636;237.7;0.0;34.804;2020-12-07 21:41
238.7;0.017;50.467;238.7;0.01;35.096;238.6;0.01;72.903;238.7;0.0;34.704;2020-12-07 21:56
238.8;0.01;50.381;238.8;0.01;35.292;238.8;0.01;73.705;238.8;0.0;34.786;2020-12-07 22:11
238.6;0.01;50.355;238.6;0.01;35.362;238.6;0.01;73.711;238.6;0.0;34.848;2020-12-07 22:26
238.5;0.01;50.357;238.4;0.01;35.368;238.4;0.01;73.439;238.4;0.0;34.834;2020-12-07 22:41
238.7;0.01;50.325;238.7;0.01;35.506;238.7;0.01;73.615;238.7;0.0;34.859;2020-12-07 22:57
238.5;0.01;50.294;238.5;0.01;35.484;238.4;0.01;73.679;238.4;0.0;34.849;2020-12-07 23:12
238.4;0.01;50.353;238.4;0.01;35.544;238.3;0.01;73.768;238.4;0.0;34.794;2020-12-07 23:27
239.0;0.01;50.3;239.0;0.01;35.447;239.0;0.01;73.908;239.1;0.0;34.811;2020-12-07 23:42
239.1;0.01;50.157;239.1;0.01;35.43;239.1;0.01;73.636;239.2;0.0;34.761;2020-12-07 23:57
240.2;0.01;48.104;240.2;0.01;34.568;240.0;0.01;72.501;240.2;0.0;34.409;2020-13-07 00:12
240.8;0.01;48.131;240.8;0.01;34.733;240.5;0.01;72.656;240.8;0.0;34.372;2020-13-07 00:27
240.2;0.01;48.461;240.2;0.01;34.67;240.1;0.01;72.665;240.2;0.0;34.426;2020-13-07 00:42
240.6;0.01;48.438;240.6;0.01;34.59;240.4;0.01;72.718;240.6;0.0;34.406;2020-13-07 00:58
240.4;0.01;48.498;240.4;0.01;34.717;240.2;0.01;72.661;240.4;0.0;34.407;2020-13-07 01:13
240.4;0.01;48.649;240.3;0.01;34.686;240.3;0.01;72.74;240.4;0.0;34.475;2020-13-07 01:28
240.9;0.01;48.783;240.9;0.01;34.84;240.8;0.01;72.869;241.0;0.0;35.01;2020-13-07 01:43
243.0;0.01;49.403;243.0;0.01;34.807;242.9;0.01;73.688;243.1;0.0;35.494;2020-13-07 01:58
242.1;0.01;50.068;242.0;0.01;34.526;242.0;0.01;74.709;242.0;0.006;35.567;2020-13-07 02:13
241.7;0.01;50.141;241.8;0.01;34.713;241.7;0.01;74.445;241.8;0.006;35.562;2020-13-07 02:28
241.6;0.01;50.265;241.6;0.01;34.8;241.6;0.01;74.255;241.7;0.006;35.509;2020-13-07 02:43
241.7;0.01;50.319;241.7;0.01;35.059;241.7;0.01;74.399;241.8;0.006;35.529;2020-13-07 02:59
242.1;0.01;50.572;242.2;0.01;35.453;242.1;0.01;74.74;242.2;0.006;35.555;2020-13-07 03:14
241.8;0.01;50.666;241.8;0.01;35.561;241.9;0.01;74.475;241.9;0.006;35.53;2020-13-07 03:29
242.5;0.01;50.957;242.5;0.01;35.446;242.4;0.01;74.307;242.5;0.006;35.575;2020-13-07 03:44
241.7;0.01;50.839;241.7;0.01;35.56;241.7;0.01;74.368;241.8;0.006;35.698;2020-13-07 03:59
241.7;0.01;50.847;241.7;0.01;35.469;241.6;0.01;74.018;241.7;0.006;35.823;2020-13-07 04:14
241.9;0.01;51.097;242.0;0.01;35.476;241.9;0.01;74.166;241.9;0.006;35.725;2020-13-07 04:29
241.7;0.01;51.203;241.8;0.01;35.676;241.7;0.01;74.446;241.8;0.006;35.712;2020-13-07 04:44
242.0;0.01;51.32;242.0;0.01;35.733;241.9;0.01;74.588;242.1;0.006;35.727;2020-13-07 05:00
242.2;0.01;51.305;242.2;0.01;35.734;242.1;0.01;74.921;242.2;0.006;35.742;2020-13-07 05:15
241.9;0.01;51.177;241.9;0.01;35.655;241.8;0.01;75.083;241.8;0.006;35.806;2020-13-07 05:30
241.6;0.01;50.932;241.6;0.01;35.267;241.7;0.01;74.972;241.7;0.006;35.83;2020-13-07 05:45
241.7;0.038;51.01;241.7;0.01;35.405;241.8;0.01;74.934;241.9;0.006;35.829;2020-13-07 06:00
242.2;0.038;51.421;242.1;0.01;35.66;242.1;0.01;75.006;242.1;0.006;35.765;2020-13-07 06:15
242.0;0.038;51.37;241.9;0.01;35.659;241.9;0.01;74.953;242.0;0.006;35.76;2020-13-07 06:30
241.9;0.038;51.256;241.9;0.01;35.701;241.8;0.01;74.841;241.8;0.006;35.757;2020-13-07 06:45
242.1;0.038;51.407;242.0;0.01;35.825;242.0;0.01;74.855;242.1;0.006;35.746;2020-13-07 07:01
242.2;0.038;51.384;242.2;0.01;35.859;242.2;0.01;75.503;242.2;0.006;35.795;2020-13-07 07:16
242.7;0.038;51.487;242.6;0.01;35.806;242.7;0.01;75.802;242.8;0.006;35.844;2020-13-07 07:31
242.6;0.038;52.188;242.5;0.01;35.852;242.5;0.01;77.403;242.5;0.006;35.941;2020-13-07 07:46
243.0;0.038;52.151;242.9;0.01;35.064;242.9;0.01;77.691;243.1;0.006;36.06;2020-13-07 08:01
242.8;0.038;52.071;242.7;0.01;34.685;242.7;0.01;78.02;242.7;0.006;35.902;2020-13-07 08:16
242.4;0.038;52.068;242.3;0.01;34.569;242.4;0.01;77.656;242.4;0.006;35.885;2020-13-07 08:31
242.2;0.038;52.06;242.2;0.01;34.528;242.2;0.01;77.405;242.1;0.006;35.854;2020-13-07 08:46
242.2;0.038;51.912;242.2;0.01;34.31;242.2;0.01;77.153;242.2;0.006;35.756;2020-13-07 09:02
242.4;0.038;51.847;242.3;0.01;34.317;242.3;0.01;77.011;242.4;0.006;35.897;2020-13-07 09:17
242.9;0.038;51.938;242.9;0.01;34.355;242.9;0.01;77.646;242.9;0.006;35.918;2020-13-07 09:32
242.4;0.038;51.959;242.4;0.01;34.447;242.4;0.01;78.181;242.4;0.006;35.832;2020-13-07 09:47
243.0;0.038;52.046;243.0;0.01;34.337;243.0;0.01;78.235;243.1;0.028;35.901;2020-13-07 10:02
243.1;0.038;52.323;243.1;0.01;35.649;243.0;0.01;78.617;243.0;0.028;35.982;2020-13-07 10:17
243.7;0.038;53.548;243.7;0.01;36.315;243.6;0.01;79.927;243.6;0.028;35.993;2020-13-07 10:32
243.8;0.038;53.886;243.8;0.01;36.245;243.6;0.01;81.649;243.6;0.028;36.08;2020-13-07 10:47
244.2;0.038;54.234;244.2;0.01;36.188;244.2;0.01;82.519;244.1;0.028;36.508;2020-13-07 11:03
243.3;0.038;54.425;243.3;0.01;36.315;243.2;0.01;82.521;243.2;0.028;36.55;2020-13-07 11:18
243.3;0.038;54.645;243.3;0.01;36.3;243.3;0.01;82.47;243.2;0.028;36.474;2020-13-07 11:33
243.2;0.038;54.716;243.2;0.01;37.518;243.2;0.01;82.503;243.3;0.028;36.432;2020-13-07 11:48
243.8;0.038;54.736;243.8;0.01;37.695;243.7;0.01;82.218;243.8;0.028;36.176;2020-13-07 12:03
243.2;0.038;54.739;243.2;0.01;38.602;243.2;0.01;82.211;243.2;0.028;36.296;2020-13-07 12:18
243.0;0.038;54.774;243.0;0.01;38.651;243.0;0.01;82.18;243.0;0.028;36.258;2020-13-07 12:33
243.6;0.038;55.061;243.5;0.01;38.584;243.6;0.01;82.268;243.7;0.028;36.239;2020-13-07 12:48
244.1;0.038;55.21;244.2;0.01;38.517;244.3;0.01;82.559;244.4;0.028;36.279;2020-13-07 13:04
244.4;0.038;54.945;244.4;0.01;39.073;244.4;0.01;84.129;244.4;0.028;36.227;2020-13-07 13:19
243.8;0.038;54.772;243.8;0.01;39.093;243.8;0.01;84.929;243.8;0.028;36.26;2020-13-07 13:34
244.8;0.038;55.134;244.8;0.01;39.24;244.9;0.01;85.395;244.8;0.028;36.374;2020-13-07 13:49
243.6;0.059;55.544;243.5;0.01;40.244;243.5;0.01;85.253;243.3;0.028;36.527;2020-13-07 14:04
243.7;0.059;55.869;243.6;0.01;40.629;243.6;0.01;85.452;243.5;0.028;36.502;2020-13-07 14:19
244.8;0.059;55.909;244.7;0.01;40.54;244.7;0.01;86.157;244.8;0.028;36.474;2020-13-07 14:34
244.9;0.059;56.311;244.8;0.01;40.417;244.7;0.01;86.573;244.7;0.028;36.546;2020-13-07 14:49
244.4;0.059;56.491;244.2;0.01;40.707;244.3;0.01;87.239;244.2;0.028;36.859;2020-13-07 15:05
244.6;0.059;56.993;244.5;0.01;40.508;244.6;0.01;87.398;244.5;0.028;37.074;2020-13-07 15:20
244.9;0.059;57.147;244.8;0.01;40.754;244.7;0.01;88.842;244.8;0.028;37.14;2020-13-07 15:35
244.5;0.059;57.123;244.4;0.01;40.926;244.4;0.01;89.593;244.4;0.028;37.314;2020-13-07 15:50
244.2;0.059;57.013;244.1;0.01;41.256;244.1;0.01;89.19;244.0;0.028;37.373;2020-13-07 16:05
243.9;0.059;57.033;243.8;0.01;41.548;243.9;0.01;89.255;243.9;0.028;37.292;2020-13-07 16:20
244.4;0.059;57.031;244.3;0.01;39.749;244.2;0.011;89.283;244.3;0.028;37.455;2020-13-07 16:35
243.6;0.059;56.982;243.6;0.01;39.889;243.6;0.012;89.198;243.4;0.028;37.331;2020-13-07 16:50
243.6;0.059;56.904;243.5;0.01;38.899;243.6;0.012;88.647;243.5;0.028;37.055;2020-13-07 17:06
243.6;0.059;56.822;243.5;0.01;39.06;243.6;0.013;88.992;243.6;0.028;36.96;2020-13-07 17:21
243.2;0.059;56.696;243.1;0.01;39.094;243.2;0.014;88.924;243.1;0.028;36.991;2020-13-07 17:36
242.7;0.059;56.201;242.6;0.01;39.354;242.7;0.013;88.569;242.6;0.028;36.784;2020-13-07 17:51
243.1;0.059;56.036;243.0;0.01;39.42;243.1;0.013;85.494;243.1;0.007;36.845;2020-13-07 18:06
243.1;0.059;56.197;243.1;0.01;39.514;243.2;0.014;85.582;243.1;0.007;36.897;2020-13-07 18:21
243.0;0.059;56.22;243.0;0.01;38.793;243.0;0.014;85.575;243.0;0.007;36.941;2020-13-07 18:36
243.0;0.059;56.165;243.0;0.01;38.749;243.0;0.013;85.46;242.9;0.007;36.941;2020-13-07 18:51
243.5;0.059;55.862;243.5;0.01;39.075;243.6;0.013;85.632;243.6;0.007;36.93;2020-13-07 19:07
243.5;0.059;55.849;243.6;0.01;38.994;243.5;0.013;85.366;243.5;0.007;37.028;2020-13-07 19:22
243.2;0.059;55.824;243.2;0.01;39.183;243.3;0.012;85.33;243.2;0.007;37.079;2020-13-07 19:37
243.2;0.059;55.632;243.1;0.01;39.123;243.2;0.012;85.428;243.2;0.007;37.129;2020-13-07 19:52
242.8;0.059;55.649;242.8;0.01;38.833;242.9;0.012;85.465;242.9;0.007;37.147;2020-13-07 20:07
242.1;0.059;55.479;242.1;0.01;38.507;242.2;0.01;85.135;242.1;0.007;37.095;2020-13-07 20:22
241.0;0.059;52.881;241.0;0.01;35.9;241.1;0.01;83.989;241.0;0.007;36.486;2020-13-07 20:37
241.1;0.059;51.781;241.2;0.01;35.189;241.3;0.01;79.177;241.2;0.007;35.943;2020-13-07 20:52
240.4;0.059;51.659;240.4;0.01;35.164;240.6;0.01;79.363;240.4;0.007;35.931;2020-13-07 21:08
240.1;0.059;51.448;240.1;0.01;34.122;240.3;0.01;79.362;240.2;0.007;35.662;2020-13-07 21:23
238.6;0.059;50.526;238.6;0.01;33.975;238.7;0.01;77.238;238.6;0.007;35.19;2020-13-07 21:38
238.3;0.059;50.157;238.3;0.01;33.695;238.4;0.01;74.284;238.3;0.007;35.141;2020-13-07 21:53
238.6;0.083;50.27;238.4;0.01;34.205;238.6;0.01;74.271;238.6;0.007;35.23;2020-13-07 22:08
238.1;0.083;50.231;238.0;0.01;34.072;238.2;0.01;74.614;238.0;0.007;34.86;2020-13-07 22:23
239.3;0.083;50.111;239.1;0.01;33.678;239.4;0.01;75.002;239.3;0.007;34.306;2020-13-07 22:38
239.1;0.083;50.024;238.9;0.01;33.546;239.1;0.01;74.56;238.9;0.007;34.25;2020-13-07 22:54
239.1;0.083;49.94;238.9;0.01;34.043;239.1;0.01;74.464;239.0;0.007;34.135;2020-13-07 23:09
239.4;0.083;49.883;239.3;0.01;33.847;239.3;0.01;75.011;239.2;0.007;34.104;2020-13-07 23:24
240.1;0.083;49.812;239.9;0.01;33.955;240.0;0.01;75.252;239.8;0.007;34.077;2020-13-07 23:39
239.6;0.083;49.724;239.5;0.01;33.808;239.5;0.01;74.995;239.4;0.007;33.993;2020-13-07 23:54
239.5;0.083;49.882;239.3;0.01;33.844;239.4;0.01;75.754;239.2;0.007;34.005;2020-14-07 00:09
239.4;0.083;49.804;239.3;0.01;34.036;239.5;0.01;76.075;239.4;0.007;34.036;2020-14-07 00:24
239.3;0.083;49.798;239.2;0.01;34.013;239.5;0.01;76.138;239.4;0.007;33.99;2020-14-07 00:39
239.7;0.083;49.686;239.6;0.01;34.037;239.9;0.01;76.478;239.8;0.007;33.96;2020-14-07 00:55
239.0;0.083;49.673;238.9;0.01;33.762;239.0;0.01;76.036;238.8;0.007;33.891;2020-14-07 01:10
239.0;0.083;49.944;238.9;0.01;33.385;239.1;0.01;75.819;239.0;0.007;33.965;2020-14-07 01:25
239.3;0.083;49.993;239.2;0.01;33.331;239.4;0.01;75.911;239.2;0.007;34.134;2020-14-07 01:40
239.8;0.083;49.841;239.7;0.01;33.707;239.8;0.01;76.296;239.8;0.007;33.03;2020-14-07 01:55
239.0;0.083;49.79;238.9;0.01;33.737;239.1;0.01;76.304;239.0;0.01;32.732;2020-14-07 02:10
239.4;0.083;49.865;239.4;0.01;33.995;239.5;0.01;76.683;239.4;0.01;32.686;2020-14-07 02:25
238.8;0.083;50.054;238.7;0.01;33.89;238.8;0.01;76.443;238.7;0.01;32.674;2020-14-07 02:40
238.8;0.083;50.086;238.8;0.01;33.945;239.0;0.01;76.659;238.9;0.01;32.677;2020-14-07 02:56
239.2;0.083;50.039;239.2;0.01;33.621;239.3;0.01;76.322;239.3;0.01;32.629;2020-14-07 03:11
239.6;0.083;49.978;239.5;0.01;33.619;239.7;0.01;76.802;239.7;0.01;33.301;2020-14-07 03:26
239.8;0.083;49.961;239.8;0.01;33.767;240.1;0.01;77.468;240.0;0.01;33.245;2020-14-07 03:41
239.4;0.083;49.978;239.4;0.01;33.653;239.6;0.01;77.026;239.4;0.01;33.325;2020-14-07 03:56
239.7;0.083;49.975;239.6;0.01;33.627;239.8;0.01;77.119;239.7;0.01;33.339;2020-14-07 04:11
239.6;0.083;50.124;239.6;0.01;33.646;239.8;0.01;77.062;239.7;0.01;33.338;2020-14-07 04:26
239.1;0.083;50.04;239.1;0.01;33.795;239.2;0.01;76.593;239.1;0.01;33.252;2020-14-07 04:41
239.3;0.083;49.713;239.3;0.01;33.656;239.5;0.01;76.785;239.3;0.01;33.331;2020-14-07 04:57
239.4;0.083;49.685;239.4;0.01;33.715;239.6;0.01;76.78;239.6;0.01;33.337;2020-14-07 05:12
239.1;0.083;49.789;239.1;0.01;33.814;239.3;0.01;76.465;239.2;0.01;33.367;2020-14-07 05:27
239.1;0.083;49.822;239.1;0.01;33.827;239.3;0.01;76.335;239.2;0.01;33.416;2020-14-07 05:42
238.6;0.083;50.195;238.6;0.01;34.123;238.7;0.01;75.768;238.5;0.01;33.511;2020-14-07 05:57
238.2;0.018;50.177;238.2;0.01;33.707;238.3;0.01;75.997;238.3;0.01;33.489;2020-14-07 06:12
237.5;0.018;50.82;237.4;0.01;33.887;237.5;0.01;75.885;237.5;0.01;34.077;2020-14-07 06:27
238.1;0.018;50.952;238.0;0.01;33.519;238.1;0.01;75.823;238.2;0.01;34.047;2020-14-07 06:42
237.7;0.018;51.036;237.7;0.01;33.628;237.7;0.01;76.172;237.6;0.01;33.756;2020-14-07 06:58
237.6;0.018;50.942;237.6;0.01;33.504;237.7;0.01;76.226;237.6;0.01;33.65;2020-14-07 07:13
237.7;0.018;50.845;237.7;0.01;33.13;237.8;0.01;76.352;237.9;0.01;33.664;2020-14-07 07:28
237.8;0.018;50.922;237.8;0.01;33.13;237.9;0.01;76.417;237.8;0.01;33.642;2020-14-07 07:43
237.9;0.018;51.091;237.8;0.01;32.968;238.0;0.01;76.432;237.9;0.01;33.642;2020-14-07 07:58
238.1;0.018;51.078;238.1;0.01;32.594;238.1;0.01;76.621;238.1;0.01;33.676;2020-14-07 08:13
238.7;0.018;51.04;238.6;0.01;32.884;238.8;0.01;76.775;238.8;0.01;33.603;2020-14-07 08:28
238.6;0.018;51.076;238.6;0.01;33.023;238.7;0.01;76.532;238.6;0.01;33.566;2020-14-07 08:43
238.3;0.018;51.106;238.3;0.01;33.062;238.4;0.01;76.377;238.3;0.01;33.626;2020-14-07 08:59
238.6;0.018;51.118;238.6;0.01;33.176;238.7;0.01;76.618;238.5;0.01;33.594;2020-14-07 09:14
238.2;0.018;51.181;238.2;0.01;33.256;238.4;0.01;76.514;238.3;0.01;33.644;2020-14-07 09:29
238.1;0.018;51.141;238.0;0.01;33.305;238.2;0.01;76.433;238.1;0.01;33.57;2020-14-07 09:44
238.3;0.018;51.134;238.3;0.01;33.39;238.3;0.01;76.402;238.3;0.01;33.602;2020-14-07 09:59
238.7;0.018;51.28;238.6;0.01;33.326;238.7;0.01;76.586;238.7;0.021;33.683;2020-14-07 10:14
238.7;0.018;51.269;238.7;0.01;33.376;238.9;0.01;76.75;238.8;0.021;33.735;2020-14-07 10:29
238.6;0.018;51.235;238.6;0.01;33.591;238.6;0.01;76.808;238.6;0.021;33.786;2020-14-07 10:44
238.5;0.018;51.203;238.5;0.01;33.638;238.5;0.01;76.662;238.4;0.021;33.679;2020-14-07 11:00
238.7;0.018;51.142;238.7;0.01;33.507;238.8;0.01;76.846;238.8;0.021;33.684;2020-14-07 11:15
238.9;0.018;51.203;239.0;0.01;33.667;239.0;0.01;76.699;239.0;0.021;33.644;2020-14-07 11:30
238.7;0.018;51.125;238.7;0.01;33.842;238.7;0.01;76.645;238.6;0.021;33.784;2020-14-07 11:45
238.8;0.018;51.023;238.8;0.01;33.928;238.8;0.01;76.661;238.8;0.021;33.83;2020-14-07 12:00
238.3;0.018;51.138;238.3;0.01;34.06;238.3;0.01;76.244;238.2;0.021;33.621;2020-14-07 12:15
238.4;0.018;51.029;238.5;0.01;33.959;238.5;0.01;76.368;238.5;0.021;33.629;2020-14-07 12:30
238.2;0.018;51.073;238.2;0.01;34.004;238.2;0.01;76.317;238.3;0.021;34.006;2020-14-07 12:45
238.8;0.018;50.942;238.8;0.01;33.67;238.9;0.01;76.923;238.9;0.021;35.471;2020-14-07 13:01
238.9;0.018;50.856;238.9;0.01;33.782;238.9;0.01;76.955;238.9;0.021;35.416;2020-14-07 13:16
240.2;0.018;50.258;240.2;0.01;33.024;240.3;0.01;77.381;240.2;0.021;33.878;2020-14-07 13:31
240.3;0.018;50.135;240.4;0.01;33.078;240.3;0.01;77.342;240.3;0.021;34.192;2020-14-07 13:46
240.9;0.01;49.915;240.9;0.01;33.016;240.9;0.01;77.232;241.0;0.021;33.941;2020-14-07 14:01
240.3;0.01;49.886;240.2;0.01;33.151;240.4;0.01;77.241;240.4;0.021;34.004;2020-14-07 14:16
240.1;0.01;49.865;240.1;0.01;33.251;240.2;0.01;77.138;240.2;0.021;33.982;2020-14-07 14:31
239.9;0.01;49.955;239.9;0.01;33.394;239.9;0.01;76.673;240.0;0.021;33.811;2020-14-07 14:46
239.7;0.01;49.954;239.7;0.01;33.864;239.7;0.01;76.719;239.7;0.021;33.756;2020-14-07 15:02
239.8;0.01;50.093;239.8;0.01;33.668;239.8;0.01;76.876;239.9;0.021;33.768;2020-14-07 15:17
239.3;0.01;50.022;239.4;0.01;32.97;239.3;0.01;76.559;239.4;0.021;33.631;2020-14-07 15:32
240.0;0.01;50.053;239.9;0.01;33.245;239.9;0.01;76.605;240.0;0.021;33.808;2020-14-07 15:47
238.9;0.01;50.0;239.0;0.01;33.366;238.9;0.01;76.281;238.8;0.021;33.294;2020-14-07 16:02
238.8;0.01;50.001;238.8;0.01;33.521;238.8;0.01;76.062;238.8;0.021;33.307;2020-14-07 16:17
239.2;0.01;49.791;239.1;0.01;33.447;239.2;0.01;76.296;239.3;0.021;33.468;2020-14-07 16:32
239.3;0.01;49.662;239.3;0.01;33.639;239.3;0.01;76.396;239.2;0.021;33.541;2020-14-07 16:47
239.3;0.01;49.501;239.3;0.01;33.819;239.4;0.01;76.404;239.3;0.021;33.673;2020-14-07 17:03
239.6;0.01;49.424;239.6;0.01;33.631;239.7;0.01;76.501;239.7;0.021;33.691;2020-14-07 17:18
240.4;0.01;49.591;240.4;0.01;33.671;240.3;0.01;76.547;240.3;0.021;33.651;2020-14-07 17:33
240.5;0.01;49.701;240.5;0.01;33.858;240.5;0.01;76.161;240.4;0.021;33.528;2020-14-07 17:48
240.3;0.01;49.794;240.3;0.01;33.974;240.4;0.01;76.326;240.3;0.014;33.4;2020-14-07 18:03
239.6;0.01;49.769;239.6;0.01;34.18;239.7;0.01;75.56;239.6;0.014;33.335;2020-14-07 18:18
239.8;0.01;49.766;239.9;0.01;34.422;239.9;0.01;75.236;239.8;0.014;33.348;2020-14-07 18:33
240.2;0.01;49.682;240.2;0.01;34.152;240.3;0.01;75.345;240.2;0.014;33.325;2020-14-07 18:48
239.9;0.01;49.728;240.0;0.01;34.328;240.0;0.01;75.434;239.9;0.014;33.265;2020-14-07 19:04
240.0;0.01;49.697;240.0;0.01;34.303;240.0;0.01;75.312;239.9;0.014;33.264;2020-14-07 19:19
240.1;0.01;49.667;240.2;0.01;34.361;240.2;0.01;75.013;240.1;0.014;33.268;2020-14-07 19:34
241.4;0.01;49.735;241.4;0.01;34.228;241.3;0.01;75.672;241.3;0.014;33.189;2020-14-07 19:49
240.8;0.01;49.934;240.8;0.01;34.194;240.8;0.01;75.551;240.8;0.014;33.338;2020-14-07 20:04
241.0;0.01;49.88;241.0;0.01;34.2;240.9;0.01;75.322;240.9;0.014;33.306;2020-14-07 20:19
241.3;0.01;49.915;241.4;0.01;34.209;241.3;0.01;75.656;241.3;0.014;33.087;2020-14-07 20:34
240.9;0.01;49.677;241.0;0.01;35.24;240.9;0.01;75.884;240.8;0.014;33.085;2020-14-07 20:50
240.9;0.01;49.662;240.9;0.01;35.311;240.9;0.01;75.949;240.8;0.014;33.086;2020-14-07 21:05
240.6;0.01;49.838;240.7;0.01;35.386;240.6;0.01;76.038;240.5;0.014;33.05;2020-14-07 21:20
240.9;0.01;49.919;240.9;0.01;35.562;240.9;0.01;75.939;240.9;0.014;33.06;2020-14-07 21:35
241.2;0.01;50.159;241.3;0.01;35.531;241.4;0.01;75.673;241.5;0.014;32.92;2020-14-07 21:50
241.6;0.029;50.403;241.6;0.01;35.664;241.5;0.01;75.016;241.5;0.014;32.924;2020-14-07 22:05
241.3;0.029;50.485;241.3;0.01;35.439;241.3;0.01;74.993;241.3;0.014;32.946;2020-14-07 22:20
241.4;0.029;50.426;241.4;0.01;35.451;241.4;0.01;74.871;241.4;0.014;32.865;2020-14-07 22:35
241.7;0.029;50.551;241.7;0.01;35.37;241.7;0.01;74.893;241.6;0.014;32.749;2020-14-07 22:51
241.5;0.029;50.595;241.5;0.01;35.634;241.4;0.01;74.755;241.5;0.014;32.795;2020-14-07 23:06
240.8;0.029;50.565;240.7;0.01;35.907;240.7;0.01;74.66;240.7;0.014;32.818;2020-14-07 23:21
240.5;0.029;50.44;240.5;0.01;36.01;240.4;0.01;74.337;240.3;0.014;32.691;2020-14-07 23:36
240.3;0.029;50.308;240.2;0.01;35.938;240.3;0.01;74.301;240.3;0.014;32.648;2020-14-07 23:51
241.0;0.029;50.252;240.9;0.01;35.83;240.9;0.01;74.431;240.9;0.014;32.657;2020-15-07 00:06
240.7;0.029;50.022;240.7;0.01;35.884;240.7;0.01;74.494;240.6;0.014;32.652;2020-15-07 00:21
241.0;0.029;50.085;240.9;0.01;35.936;240.9;0.01;74.341;240.9;0.014;32.662;2020-15-07 00:36
240.6;0.029;50.004;240.5;0.01;35.96;240.5;0.01;74.145;240.5;0.014;32.72;2020-15-07 00:52
240.6;0.029;50.112;240.6;0.01;35.833;240.6;0.01;74.177;240.6;0.014;32.727;2020-15-07 01:07
241.0;0.029;50.254;240.9;0.01;35.738;241.0;0.01;74.248;241.0;0.014;32.722;2020-15-07 01:22
240.9;0.029;50.112;240.9;0.01;35.75;240.9;0.01;74.276;240.8;0.014;32.756;2020-15-07 01:37
240.6;0.029;50.093;240.5;0.01;35.715;240.5;0.01;74.234;240.5;0.014;32.817;2020-15-07 01:52
241.0;0.029;50.239;241.0;0.01;35.606;241.0;0.01;74.365;241.0;-0.015;32.937;2020-15-07 02:07
241.2;0.029;50.25;241.2;0.01;35.588;241.2;0.01;74.704;241.3;-0.015;33.254;2020-15-07 02:22
240.7;0.029;50.304;240.7;0.01;35.873;240.6;0.01;74.953;240.7;-0.015;33.202;2020-15-07 02:37
240.7;0.029;50.3;240.7;0.01;35.92;240.7;0.01;74.88;240.8;-0.015;33.227;2020-15-07 02:53
240.9;0.029;50.304;240.8;0.01;35.939;240.8;0.01;74.96;241.0;-0.015;33.227;2020-15-07 03:08
240.6;0.029;50.327;240.6;0.01;35.486;240.5;0.01;74.817;240.6;-0.015;33.313;2020-15-07 03:23
240.3;0.029;50.316;240.3;0.01;35.428;240.2;0.01;74.431;240.3;-0.015;33.462;2020-15-07 03:38
240.4;0.029;50.3;240.4;0.01;35.378;240.4;0.01;74.471;240.4;-0.015;33.382;2020-15-07 03:53
240.3;0.029;50.297;240.4;0.01;35.315;240.5;0.01;74.362;240.4;-0.015;33.395;2020-15-07 04:08
239.8;0.029;50.212;239.8;0.01;35.071;239.9;0.01;74.265;239.8;-0.015;33.426;2020-15-07 04:23
240.2;0.029;50.196;240.2;0.01;35.257;240.3;0.01;74.46;240.3;-0.015;33.546;2020-15-07 04:38
240.4;0.029;50.194;240.4;0.01;35.679;240.4;0.01;74.462;240.4;-0.015;33.406;2020-15-07 04:54
240.2;0.029;50.031;240.2;0.01;35.673;240.3;0.01;74.506;240.4;-0.015;33.464;2020-15-07 05:09
240.3;0.029;49.947;240.3;0.01;35.789;240.4;0.01;74.547;240.4;-0.015;33.491;2020-15-07 05:24
240.3;0.029;50.092;240.3;0.01;35.806;240.3;0.01;74.578;240.3;-0.015;33.675;2020-15-07 05:39
239.6;0.029;50.0;239.6;0.01;35.742;239.7;0.01;74.353;239.7;-0.015;33.645;2020-15-07 05:54
239.0;0.048;49.887;239.0;0.01;34.907;239.1;0.01;73.999;239.1;-0.015;33.701;2020-15-07 06:09
239.4;0.048;50.039;239.3;0.01;34.868;239.4;0.01;74.315;239.5;-0.015;33.617;2020-15-07 06:24
239.7;0.048;49.907;239.6;0.01;34.874;239.6;0.01;74.448;239.8;-0.015;33.654;2020-15-07 06:39
240.0;0.048;49.614;239.8;0.01;34.883;239.9;0.01;74.526;239.9;-0.015;33.707;2020-15-07 06:55
239.8;0.048;49.458;239.8;0.01;34.836;239.8;0.01;74.494;239.8;-0.015;33.653;2020-15-07 07:10
239.9;0.048;49.203;239.8;0.01;35.083;239.9;0.01;74.666;239.9;-0.015;33.713;2020-15-07 07:25
239.9;0.048;49.271;239.8;0.01;35.117;239.9;0.01;74.589;239.8;-0.015;33.721;2020-15-07 07:40
240.0;0.048;48.81;239.9;0.01;35.112;240.0;0.01;74.374;240.1;-0.015;33.677;2020-15-07 07:55
239.5;0.048;48.592;239.4;0.01;34.836;239.5;0.01;74.172;239.5;-0.015;33.71;2020-15-07 08:10
239.3;0.048;48.561;239.3;0.01;34.849;239.4;0.01;73.834;239.4;-0.015;33.797;2020-15-07 08:25
239.4;0.048;48.652;239.3;0.01;34.834;239.4;0.01;73.735;239.4;-0.015;33.809;2020-15-07 08:40
239.6;0.048;48.677;239.5;0.01;34.867;239.6;0.01;73.647;239.6;-0.015;33.706;2020-15-07 08:56
239.2;0.048;48.728;239.1;0.01;34.842;239.3;0.01;73.559;239.3;-0.015;33.612;2020-15-07 09:11
239.3;0.048;48.667;239.3;0.01;34.261;239.4;0.01;73.368;239.4;-0.015;33.672;2020-15-07 09:26
239.2;0.048;48.655;239.2;0.01;34.268;239.3;0.01;73.275;239.2;-0.015;33.652;2020-15-07 09:41
239.6;0.048;48.834;239.5;0.01;34.298;239.5;0.01;73.265;239.7;-0.015;33.764;2020-15-07 09:56
239.4;0.048;48.596;239.3;0.01;34.015;239.4;0.01;73.403;239.5;0.035;33.69;2020-15-07 10:11
239.1;0.048;48.698;239.0;0.01;33.898;239.1;0.01;73.081;239.1;0.035;33.528;2020-15-07 10:26
239.5;0.048;48.658;239.4;0.01;33.872;239.5;0.01;73.129;239.5;0.035;33.515;2020-15-07 10:41
239.4;0.048;48.649;239.4;0.01;33.91;239.6;0.01;73.252;239.5;0.035;33.519;2020-15-07 10:57
239.4;0.048;48.936;239.4;0.01;33.889;239.5;0.01;73.198;239.4;0.035;33.488;2020-15-07 11:12
239.0;0.048;48.962;239.0;0.01;33.891;239.2;0.01;73.152;239.0;0.035;33.367;2020-15-07 11:27
238.7;0.048;50.16;238.6;0.01;33.692;238.9;0.01;73.601;238.8;0.035;33.299;2020-15-07 11:42
239.1;0.048;50.312;239.0;0.01;33.712;239.2;0.01;73.949;239.2;0.035;33.315;2020-15-07 11:57
239.5;0.048;50.112;239.5;0.01;33.768;239.6;0.01;74.058;239.5;0.035;33.27;2020-15-07 12:12
239.3;0.048;49.736;239.3;0.01;33.767;239.5;0.01;73.915;239.3;0.035;33.208;2020-15-07 12:27
239.8;0.048;49.711;239.8;0.01;33.927;240.0;0.01;73.853;239.8;0.035;33.125;2020-15-07 12:42
239.7;0.048;49.712;239.7;0.01;33.988;239.8;0.01;73.76;239.6;0.035;33.085;2020-15-07 12:58
239.7;0.048;49.854;239.7;0.01;34.004;239.9;0.01;73.661;239.8;0.035;32.994;2020-15-07 13:13
239.7;0.048;49.375;239.7;0.01;34.032;239.8;0.01;73.636;239.6;0.035;32.948;2020-15-07 13:28
239.3;0.048;49.046;239.3;0.01;34.336;239.5;0.01;73.774;239.2;0.035;33.775;2020-15-07 13:43
238.9;0.048;49.071;239.0;0.01;34.39;239.1;0.01;73.784;238.9;0.035;33.778;2020-15-07 13:58
239.3;0.021;49.218;239.2;0.01;34.405;239.5;0.01;73.592;239.3;0.035;33.699;2020-15-07 14:13
239.3;0.021;49.142;239.3;0.01;34.536;239.4;0.01;73.467;239.3;0.035;33.662;2020-15-07 14:28
239.5;0.021;49.257;239.4;0.01;34.858;239.6;0.01;73.65;239.5;0.035;33.705;2020-15-07 14:43
239.7;0.021;49.234;239.7;0.01;34.94;239.7;0.01;73.627;239.5;0.035;33.714;2020-15-07 14:59
239.3;0.021;49.19;239.3;0.01;34.986;239.5;0.01;73.609;239.3;0.035;33.655;2020-15-07 15:14
239.7;0.021;49.059;239.7;0.01;34.981;239.8;0.01;73.634;239.7;0.035;33.684;2020-15-07 15:29
239.6;0.021;49.09;239.6;0.01;34.915;239.7;0.01;73.9;239.6;0.035;33.524;2020-15-07 15:44
239.4;0.021;49.091;239.4;0.01;34.753;239.5;0.01;73.869;239.5;0.035;33.511;2020-15-07 15:59
239.4;0.021;49.122;239.4;0.01;34.819;239.6;0.01;73.874;239.4;0.035;33.48;2020-15-07 16:14
239.6;0.021;49.163;239.6;0.01;34.749;239.8;0.01;73.99;239.6;0.035;33.421;2020-15-07 16:29
239.8;0.021;49.003;239.8;0.01;34.78;240.0;0.01;73.897;239.9;0.035;33.5;2020-15-07 16:44
239.8;0.021;48.881;239.8;0.01;34.812;239.9;0.01;73.783;239.8;0.035;33.573;2020-15-07 17:00
238.8;0.021;49.261;238.8;0.01;34.949;238.9;0.01;73.375;238.7;0.035;33.15;2020-15-07 17:15
239.0;0.021;49.249;238.9;0.01;34.866;239.1;0.01;73.985;239.0;0.035;33.132;2020-15-07 17:30
238.2;0.021;49.772;238.1;0.01;34.278;238.3;0.01;73.952;238.1;0.035;33.171;2020-15-07 17:45
237.8;0.021;49.943;237.9;0.01;34.036;238.0;0.01;73.943;237.8;0.013;33.301;2020-15-07 18:00
238.3;0.021;50.833;238.3;0.01;33.637;238.6;0.01;74.351;238.5;0.013;33.096;2020-15-07 18:15
238.1;0.021;51.163;238.1;0.01;34.528;238.4;0.01;74.426;238.2;0.013;33.161;2020-15-07 18:30
237.5;0.021;51.531;237.6;0.01;35.004;237.9;0.01;74.14;237.7;0.013;33.111;2020-15-07 18:45
238.1;0.021;51.657;238.1;0.01;34.507;238.4;0.01;74.96;238.2;0.013;33.003;2020-15-07 19:01
238.2;0.021;51.611;238.2;0.01;34.324;238.4;0.01;75.096;238.4;0.013;33.042;2020-15-07 19:16
238.1;0.021;51.354;238.1;0.01;34.562;238.4;0.01;75.176;238.2;0.013;33.08;2020-15-07 19:31
237.9;0.021;51.69;237.8;0.01;34.646;238.1;0.01;75.163;238.0;0.013;33.044;2020-15-07 19:46
237.8;0.021;51.505;237.8;0.01;34.618;238.1;0.01;75.329;237.9;0.013;33.11;2020-15-07 20:01
238.1;0.021;51.485;238.1;0.01;35.318;238.2;0.01;75.205;238.0;0.013;33.145;2020-15-07 20:16
237.8;0.021;51.605;237.8;0.01;35.35;238.2;0.01;75.33;237.9;0.013;33.063;2020-15-07 20:31
237.7;0.021;51.945;237.7;0.01;35.318;238.1;0.01;75.32;237.9;0.013;33.005;2020-15-07 20:46
237.0;0.021;52.084;237.0;0.01;35.385;237.4;0.01;75.687;237.3;0.013;32.89;2020-15-07 21:02
236.8;0.021;52.237;236.9;0.01;35.792;237.2;0.01;76.473;237.1;0.013;32.889;2020-15-07 21:17
237.6;0.021;52.33;237.6;0.01;36.229;237.9;0.01;76.794;237.7;0.013;32.993;2020-15-07 21:32
237.3;0.021;52.392;237.3;0.01;36.368;237.7;0.01;76.689;237.5;0.013;33.015;2020-15-07 21:47
237.3;0.01;52.556;237.3;0.01;36.558;237.7;0.01;76.629;237.5;0.013;32.97;2020-15-07 22:02
237.7;0.01;52.66;237.7;0.01;36.544;238.0;0.01;76.725;237.8;0.013;33.122;2020-15-07 22:17
238.1;0.01;52.62;238.1;0.01;36.39;238.4;0.01;77.479;238.2;0.013;33.196;2020-15-07 22:32
238.3;0.01;52.479;238.3;0.01;36.81;238.5;0.01;77.474;238.4;0.013;33.191;2020-15-07 22:47
238.1;0.01;52.402;238.1;0.01;36.683;238.2;0.01;77.237;238.1;0.013;33.092;2020-15-07 23:03
238.2;0.01;52.398;238.3;0.01;36.559;238.4;0.01;77.248;238.3;0.013;33.136;2020-15-07 23:18
238.3;0.01;52.403;238.3;0.01;36.744;238.5;0.01;77.822;238.3;0.013;33.183;2020-15-07 23:33
238.4;0.01;52.545;238.4;0.01;37.129;238.6;0.01;77.902;238.4;0.013;33.179;2020-15-07 23:48
238.8;0.01;52.435;238.8;0.01;36.81;238.9;0.01;77.868;238.9;0.013;32.873;2020-16-07 00:03
238.2;0.01;52.414;238.2;0.01;36.663;238.5;0.01;77.547;238.4;0.013;32.816;2020-16-07 00:18
238.3;0.01;52.442;238.3;0.01;36.895;238.5;0.01;77.48;238.4;0.013;32.848;2020-16-07 00:33
238.3;0.01;52.41;238.2;0.01;36.999;238.5;0.01;77.445;238.3;0.013;32.851;2020-16-07 00:48
238.1;0.01;52.407;238.1;0.01;37.015;238.3;0.01;77.311;238.2;0.013;32.826;2020-16-07 01:04
238.2;0.01;52.248;238.2;0.01;37.044;238.3;0.01;77.233;238.2;0.013;32.83;2020-16-07 01:19
238.4;0.01;52.198;238.4;0.01;36.666;238.6;0.01;77.317;238.5;0.013;32.883;2020-16-07 01:34
238.6;0.01;52.197;238.5;0.01;36.625;238.7;0.01;77.265;238.7;0.013;33.047;2020-16-07 01:49
238.1;0.01;52.295;238.2;0.021;36.529;238.4;0.01;77.01;238.2;0.035;32.999;2020-16-07 02:04
237.9;0.01;52.324;238.0;0.021;36.574;238.2;0.01;76.665;238.1;0.035;33.074;2020-16-07 02:19
238.3;0.01;52.506;238.3;0.021;36.447;238.5;0.01;76.611;238.4;0.035;33.068;2020-16-07 02:34
238.4;0.01;52.411;238.4;0.021;36.388;238.7;0.01;76.716;238.5;0.035;33.229;2020-16-07 02:49
238.4;0.01;52.447;238.5;0.021;36.899;238.7;0.01;76.775;238.5;0.035;33.25;2020-16-07 03:05
238.8;0.01;52.542;238.9;0.021;37.171;239.1;0.01;76.863;239.0;0.035;33.228;2020-16-07 03:20
239.0;0.01;51.639;239.0;0.021;37.067;239.1;0.01;76.737;239.0;0.035;33.094;2020-16-07 03:35
238.6;0.01;51.547;238.6;0.021;37.001;238.8;0.01;76.491;238.7;0.035;32.993;2020-16-07 03:50
239.1;0.01;51.483;239.1;0.021;37.146;239.3;0.01;76.809;239.1;0.035;32.95;2020-16-07 04:05
238.6;0.01;51.546;238.6;0.021;37.204;238.8;0.01;76.643;238.6;0.035;33.03;2020-16-07 04:20
238.3;0.01;51.537;238.3;0.021;37.023;238.6;0.01;76.606;238.4;0.035;32.888;2020-16-07 04:35
238.3;0.01;51.527;238.3;0.021;36.924;238.5;0.01;76.403;238.3;0.035;32.93;2020-16-07 04:50
238.4;0.01;51.527;238.5;0.021;36.904;238.7;0.01;76.438;238.6;0.035;32.972;2020-16-07 05:06
238.3;0.01;51.511;238.4;0.021;36.913;238.6;0.01;76.459;238.4;0.035;32.862;2020-16-07 05:21
238.2;0.01;51.522;238.3;0.021;36.906;238.5;0.01;76.318;238.4;0.035;32.865;2020-16-07 05:36
238.1;0.01;51.521;238.1;0.021;36.91;238.4;0.01;76.328;238.2;0.035;32.915;2020-16-07 05:51
238.4;0.014;51.367;238.4;0.021;37.127;238.6;0.01;76.354;238.4;0.035;32.795;2020-16-07 06:06
238.6;0.014;51.381;238.6;0.021;37.149;238.8;0.01;76.367;238.7;0.035;32.89;2020-16-07 06:21
238.4;0.014;51.345;238.4;0.021;37.173;238.6;0.01;76.367;238.4;0.035;32.864;2020-16-07 06:36
238.3;0.014;51.465;238.3;0.021;37.199;238.5;0.01;76.319;238.3;0.035;32.852;2020-16-07 06:51
238.0;0.014;51.504;238.0;0.021;37.188;238.1;0.01;76.144;238.0;0.035;32.841;2020-16-07 07:07
237.9;0.014;51.51;237.9;0.021;36.826;238.1;0.01;76.157;238.0;0.035;32.828;2020-16-07 07:22
237.6;0.014;51.483;237.6;0.021;37.28;237.8;0.01;76.082;237.6;0.035;33.064;2020-16-07 07:37
238.4;0.014;51.069;238.3;0.021;36.943;238.5;0.01;76.06;238.3;0.035;33.208;2020-16-07 07:52
238.2;0.014;50.974;238.2;0.021;37.031;238.4;0.01;76.028;238.2;0.035;33.175;2020-16-07 08:07
238.2;0.014;50.97;238.2;0.021;36.981;238.5;0.01;76.065;238.3;0.035;33.242;2020-16-07 08:22
238.0;0.014;50.721;238.0;0.021;37.033;238.2;0.01;76.056;238.0;0.035;33.381;2020-16-07 08:37
234.2;0.014;51.774;234.1;0.021;33.83;234.5;0.01;74.82;234.4;0.035;32.813;2020-16-07 08:52
234.0;0.014;52.458;233.9;0.021;33.925;234.2;0.01;74.909;234.0;0.035;34.305;2020-16-07 09:08
232.6;0.014;52.368;232.6;0.021;34.918;232.9;0.01;75.24;232.5;0.035;33.886;2020-16-07 09:23
233.2;0.014;52.441;233.2;0.021;35.692;233.5;0.01;74.364;233.2;0.035;33.949;2020-16-07 09:38
232.8;0.014;52.497;232.8;0.021;35.712;233.0;0.01;74.52;232.7;0.035;34.126;2020-16-07 09:53
232.9;0.014;52.863;232.9;0.024;36.086;233.2;0.01;74.903;232.8;0.021;34.081;2020-16-07 10:08
232.7;0.014;53.036;232.8;0.024;36.52;233.0;0.01;75.17;232.6;0.021;34.296;2020-16-07 10:23
232.3;0.014;52.852;232.3;0.024;37.41;232.7;0.01;75.474;232.3;0.021;34.306;2020-16-07 10:38
232.2;0.014;52.865;232.2;0.024;37.15;232.5;0.01;75.257;232.2;0.021;34.232;2020-16-07 10:53
231.8;0.014;52.996;231.8;0.024;37.268;232.0;0.01;75.163;231.7;0.021;34.136;2020-16-07 11:09
231.7;0.014;52.977;231.8;0.024;37.509;232.0;0.01;75.767;231.7;0.021;34.297;2020-16-07 11:24
231.3;0.014;53.091;231.3;0.024;38.149;231.8;0.01;75.176;231.5;0.021;34.444;2020-16-07 11:39
231.3;0.014;53.175;231.4;0.024;37.995;231.6;0.01;75.734;231.3;0.021;34.533;2020-16-07 11:54
230.3;0.014;53.193;230.3;0.024;38.117;230.6;0.01;75.665;230.3;0.021;34.705;2020-16-07 12:09
231.1;0.014;54.063;231.1;0.024;38.289;231.4;0.01;76.852;231.1;0.021;34.657;2020-16-07 12:24
231.0;0.014;54.002;231.0;0.024;37.971;231.3;0.01;76.945;230.9;0.021;34.518;2020-16-07 12:39
231.4;0.014;54.024;231.4;0.024;37.985;231.8;0.01;78.197;231.4;0.021;34.395;2020-16-07 12:54
231.3;0.014;54.337;231.4;0.024;37.938;231.6;0.01;78.343;231.2;0.021;34.201;2020-16-07 13:10
231.8;0.014;54.268;231.8;0.024;37.994;232.1;0.01;78.267;231.7;0.021;34.065;2020-16-07 13:25
231.9;0.014;54.26;231.9;0.024;36.992;232.1;0.01;78.888;231.8;0.021;33.79;2020-16-07 13:40
231.5;0.014;54.149;231.6;0.024;37.06;231.8;0.01;79.002;231.5;0.021;33.727;2020-16-07 13:55
232.5;0.01;54.283;232.5;0.024;36.68;232.9;0.01;79.525;232.6;0.021;33.711;2020-16-07 14:10
232.2;0.01;54.204;232.1;0.024;36.755;232.5;0.01;79.687;232.2;0.021;33.544;2020-16-07 14:25
231.9;0.01;54.099;231.9;0.024;37.05;232.2;0.01;79.527;231.9;0.021;33.458;2020-16-07 14:40
231.9;0.01;54.165;231.9;0.024;37.129;232.2;0.01;79.288;231.9;0.021;33.418;2020-16-07 14:56
232.2;0.01;54.074;232.2;0.024;37.066;232.4;0.01;79.462;232.1;0.021;33.315;2020-16-07 15:11
231.9;0.01;54.123;231.9;0.024;37.054;232.2;0.01;79.397;231.9;0.021;33.262;2020-16-07 15:26
231.8;0.01;53.908;231.8;0.024;36.91;232.1;0.01;79.482;231.9;0.021;33.161;2020-16-07 15:41
232.0;0.01;53.865;232.0;0.024;36.916;232.3;0.01;79.718;232.1;0.021;33.55;2020-16-07 15:56
231.7;0.01;53.77;231.7;0.024;36.847;232.0;0.01;79.571;231.6;0.021;33.685;2020-16-07 16:11
232.0;0.01;53.769;232.0;0.024;36.807;232.2;0.01;79.66;231.9;0.021;33.869;2020-16-07 16:26
232.5;0.01;53.551;232.5;0.024;36.172;232.7;0.01;79.717;232.5;0.021;33.79;2020-16-07 16:41
232.7;0.01;53.454;232.7;0.024;36.109;232.8;0.01;79.601;232.6;0.021;33.714;2020-16-07 16:57
232.4;0.01;53.432;232.4;0.024;35.445;232.6;0.01;79.5;232.4;0.021;33.666;2020-16-07 17:12
233.1;0.01;53.08;233.1;0.024;35.013;233.3;0.01;79.739;233.1;0.021;33.456;2020-16-07 17:27
232.8;0.01;53.193;232.8;0.024;34.918;232.9;0.01;79.159;232.7;0.021;33.093;2020-16-07 17:42
232.8;0.01;53.062;232.8;0.024;34.935;233.0;0.01;79.184;232.8;0.021;32.976;2020-16-07 17:57
233.6;0.01;52.914;233.7;0.01;34.254;233.8;0.01;78.803;233.6;-0.01;32.973;2020-16-07 18:12
232.8;0.01;52.902;232.8;0.01;34.969;232.9;0.01;78.16;232.6;-0.01;32.999;2020-16-07 18:27
232.6;0.01;53.14;232.6;0.01;34.93;232.7;0.01;77.731;232.6;-0.01;32.912;2020-16-07 18:42
232.7;0.01;53.044;232.7;0.01;34.906;232.9;0.01;77.746;232.7;-0.01;32.925;2020-16-07 18:58
233.1;0.01;52.962;233.1;0.01;35.04;233.2;0.01;77.745;233.0;-0.01;32.858;2020-16-07 19:13
233.0;0.01;52.944;233.0;0.01;34.873;233.2;0.01;77.79;233.0;-0.01;32.847;2020-16-07 19:28
233.2;0.01;53.043;233.2;0.01;34.659;233.4;0.01;77.895;233.2;-0.01;32.858;2020-16-07 19:43
233.2;0.01;52.939;233.2;0.01;34.694;233.3;0.01;77.986;233.1;-0.01;32.858;2020-16-07 19:58
233.1;0.01;52.856;233.1;0.01;34.63;233.2;0.01;77.789;233.0;-0.01;32.85;2020-16-07 20:13
233.9;0.01;52.376;233.9;0.01;34.687;233.9;0.01;78.262;233.7;-0.01;32.714;2020-16-07 20:28
233.4;0.01;52.368;233.5;0.01;35.004;233.6;0.01;77.463;233.4;-0.01;32.649;2020-16-07 20:43
232.8;0.01;52.59;232.9;0.01;34.957;233.1;0.01;77.629;232.8;-0.01;32.537;2020-16-07 20:58
232.8;0.01;52.461;232.9;0.01;34.89;233.1;0.01;79.129;233.0;-0.01;32.486;2020-16-07 21:14
232.5;0.01;52.511;232.5;0.01;34.838;232.8;0.01;79.33;232.7;-0.01;32.445;2020-16-07 21:29
231.8;0.01;52.7;231.9;0.01;34.658;232.2;0.01;79.233;231.9;-0.01;32.422;2020-16-07 21:44
232.1;0.01;52.492;232.1;0.01;34.308;232.4;0.01;80.015;232.2;-0.01;32.291;2020-16-07 21:59
232.0;0.01;52.603;232.0;0.01;34.159;232.2;0.01;80.178;232.1;-0.01;32.247;2020-16-07 22:14
231.9;0.01;52.635;231.9;0.01;34.358;232.1;0.01;79.918;231.9;-0.01;32.173;2020-16-07 22:29
232.2;0.01;52.636;232.2;0.01;34.245;232.4;0.01;80.057;232.3;-0.01;32.154;2020-16-07 22:44
232.7;0.01;52.665;232.6;0.01;34.754;232.9;0.01;80.184;232.8;-0.01;32.016;2020-16-07 23:00
232.5;0.01;52.645;232.5;0.01;34.775;232.7;0.01;80.229;232.6;-0.01;32.026;2020-16-07 23:15
232.6;0.01;52.568;232.6;0.01;34.767;232.7;0.01;80.197;232.6;-0.01;31.979;2020-16-07 23:30
232.8;0.01;52.522;232.7;0.01;34.773;232.8;0.01;80.273;232.8;-0.01;31.883;2020-16-07 23:45
232.8;0.01;52.656;232.8;0.01;34.762;233.0;0.01;80.249;232.9;-0.01;31.654;2020-17-07 00:00
233.0;0.01;52.576;233.1;0.01;34.826;233.2;0.01;80.531;233.1;-0.01;31.641;2020-17-07 00:15
233.2;0.01;52.667;233.2;0.01;34.505;233.3;0.01;80.519;233.2;-0.01;31.631;2020-17-07 00:30
233.0;0.01;52.676;233.0;0.01;34.338;233.1;0.01;81.105;233.0;-0.01;31.627;2020-17-07 00:45
233.7;0.01;52.563;233.7;0.01;34.398;233.8;0.01;82.309;233.8;-0.01;31.573;2020-17-07 01:01
233.3;0.01;52.721;233.3;0.01;34.334;233.4;0.01;82.462;233.3;-0.01;31.43;2020-17-07 01:16
233.4;0.01;52.49;233.3;0.01;34.32;233.4;0.01;82.982;233.3;-0.01;31.327;2020-17-07 01:31
233.9;0.01;52.238;233.9;0.01;34.539;234.0;0.01;83.533;234.0;-0.01;31.216;2020-17-07 01:46
233.6;0.01;52.186;233.6;0.01;34.835;233.8;0.01;83.574;233.6;0.008;31.258;2020-17-07 02:01
233.1;0.01;52.02;233.1;0.01;34.52;233.3;0.01;83.413;233.2;0.008;31.246;2020-17-07 02:16
233.1;0.01;51.941;233.1;0.01;34.654;233.2;0.01;83.837;233.1;0.008;31.216;2020-17-07 02:31
233.2;0.01;51.834;233.2;0.01;34.665;233.3;0.01;84.078;233.2;0.008;31.381;2020-17-07 02:46
232.9;0.01;51.744;232.9;0.01;34.603;233.0;0.01;84.043;232.9;0.008;31.434;2020-17-07 03:01
233.3;0.01;51.535;233.4;0.01;34.695;233.4;0.01;84.262;233.4;0.008;31.284;2020-17-07 03:17
234.2;0.01;50.985;234.2;0.01;34.693;234.4;0.01;84.525;234.3;0.008;31.074;2020-17-07 03:32
233.7;0.01;51.008;233.7;0.01;34.69;233.9;0.01;84.132;233.7;0.008;31.017;2020-17-07 03:47
233.7;0.01;51.05;233.7;0.01;34.637;233.8;0.01;83.956;233.7;0.008;31.026;2020-17-07 04:02
233.7;0.01;51.053;233.7;0.01;34.699;233.8;0.01;83.983;233.7;0.008;30.979;2020-17-07 04:17
234.0;0.01;50.984;234.0;0.01;34.711;234.1;0.01;84.03;234.0;0.008;30.958;2020-17-07 04:32
233.8;0.01;51.074;233.8;0.01;34.692;233.8;0.01;83.973;233.6;0.008;30.962;2020-17-07 04:47
233.6;0.01;50.838;233.6;0.01;34.702;233.7;0.01;83.43;233.6;0.008;30.954;2020-17-07 05:02
233.4;0.01;50.854;233.4;0.01;34.816;233.5;0.01;83.204;233.3;0.008;31.186;2020-17-07 05:18
233.3;0.01;50.765;233.3;0.01;34.837;233.4;0.01;83.126;233.3;0.008;31.204;2020-17-07 05:33
233.1;0.01;50.836;233.1;0.01;34.816;233.1;0.01;82.93;232.9;0.008;31.225;2020-17-07 05:48
233.1;0.01;50.816;233.1;0.01;34.77;233.3;0.01;83.108;233.2;0.008;31.103;2020-17-07 06:03
233.0;0.01;50.798;233.0;0.01;34.481;233.0;0.01;83.05;232.8;0.008;31.007;2020-17-07 06:18
232.9;0.01;51.042;232.9;0.01;34.558;232.9;0.01;83.406;232.8;0.008;31.1;2020-17-07 06:33
232.5;0.01;51.06;232.5;0.01;34.813;232.6;0.01;83.234;232.4;0.008;31.142;2020-17-07 06:48
232.2;0.01;51.255;232.2;0.01;35.649;232.4;0.01;83.871;232.3;0.008;31.406;2020-17-07 07:03
232.2;0.01;51.205;232.2;0.01;35.613;232.4;0.01;84.022;232.4;0.008;31.19;2020-17-07 07:19
232.1;0.01;51.229;232.1;0.01;35.743;232.2;0.01;83.917;232.2;0.008;31.151;2020-17-07 07:34
232.4;0.01;50.581;232.5;0.01;36.021;232.7;0.01;84.009;232.6;0.008;31.056;2020-17-07 07:49
232.8;0.01;50.889;232.8;0.01;36.061;233.0;0.01;83.814;232.8;0.008;30.938;2020-17-07 08:04
233.2;0.01;50.955;233.2;0.01;35.972;233.5;0.01;84.264;233.4;0.008;30.757;2020-17-07 08:19
232.8;0.01;50.769;232.8;0.01;35.894;232.8;0.01;83.996;232.9;0.008;30.719;2020-17-07 08:34
232.8;0.01;50.771;232.8;0.01;35.92;233.0;0.01;84.197;232.9;0.008;30.766;2020-17-07 08:49
233.2;0.01;50.877;233.2;0.01;35.831;233.4;0.01;84.274;233.3;0.008;30.829;2020-17-07 09:05
233.3;0.01;51.078;233.3;0.01;35.835;233.4;0.01;84.407;233.3;0.008;30.826;2020-17-07 09:20
233.1;0.01;51.099;233.1;0.01;35.831;233.3;0.01;84.038;233.2;0.008;30.811;2020-17-07 09:35
233.3;0.01;51.079;233.2;0.01;35.229;233.4;0.01;84.107;233.3;0.008;30.767;2020-17-07 09:50
233.0;0.01;51.296;233.1;0.01;35.294;233.2;0.01;84.107;233.1;0.014;31.101;2020-17-07 10:05
233.0;0.01;51.313;233.0;0.01;35.252;233.2;0.01;83.945;233.1;0.014;31.09;2020-17-07 10:20
232.3;0.01;51.065;232.3;0.01;35.268;232.7;0.01;83.603;232.4;0.014;31.165;2020-17-07 10:35
232.6;0.01;51.058;232.6;0.01;35.429;232.8;0.01;83.809;232.7;0.014;31.175;2020-17-07 10:50
232.6;0.01;51.093;232.7;0.01;35.828;233.0;0.01;84.041;232.8;0.014;31.211;2020-17-07 11:06
232.3;0.01;51.065;232.4;0.01;36.049;232.6;0.01;84.045;232.4;0.014;31.153;2020-17-07 11:21
232.6;0.01;51.162;232.6;0.01;36.005;232.9;0.01;84.245;232.8;0.014;31.128;2020-17-07 11:36
233.1;0.01;51.294;233.1;0.01;36.013;233.3;0.01;84.355;233.2;0.014;31.196;2020-17-07 11:51
232.9;0.01;51.121;232.9;0.01;35.996;233.2;0.01;84.092;233.0;0.014;31.168;2020-17-07 12:06
233.3;0.01;51.035;233.4;0.01;36.091;233.6;0.01;84.249;233.4;0.014;31.084;2020-17-07 12:21
233.4;0.01;51.218;233.4;0.01;36.106;233.6;0.01;83.45;233.4;0.014;31.127;2020-17-07 12:36
232.9;0.01;51.263;232.9;0.01;36.019;233.0;0.01;82.892;232.8;0.014;31.018;2020-17-07 12:51
232.7;0.01;51.108;232.7;0.01;36.008;232.8;0.01;82.897;232.7;0.014;31.067;2020-17-07 13:07
232.7;0.01;51.059;232.6;0.01;36.029;232.8;0.01;82.888;232.7;0.014;31.056;2020-17-07 13:22
232.2;0.01;51.076;232.2;0.01;35.99;232.5;0.01;82.871;232.4;0.014;30.976;2020-17-07 13:37
233.0;0.01;50.909;233.0;0.01;35.98;233.3;0.01;80.081;233.2;0.014;31.062;2020-17-07 13:52
233.7;0.066;50.612;233.6;0.01;36.401;233.7;0.01;80.472;233.7;0.014;30.558;2020-17-07 14:07
234.1;0.066;50.624;234.0;0.01;35.7;234.1;0.01;79.673;234.1;0.014;29.975;2020-17-07 14:22
233.8;0.066;50.698;233.7;0.01;35.679;233.7;0.01;79.638;233.6;0.014;29.84;2020-17-07 14:37
233.8;0.066;50.56;233.7;0.01;35.986;233.9;0.01;79.596;233.8;0.014;29.869;2020-17-07 14:52
233.8;0.066;50.736;233.7;0.01;35.928;233.8;0.01;79.594;233.7;0.014;29.948;2020-17-07 15:08
233.3;0.066;50.678;233.2;0.01;36.046;233.2;0.01;79.68;233.2;0.014;29.925;2020-17-07 15:23
233.5;0.066;50.696;233.4;0.01;36.18;233.5;0.01;79.651;233.4;0.014;29.969;2020-17-07 15:38
233.3;0.066;50.736;233.2;0.01;36.462;233.3;0.01;79.677;233.2;0.014;30.092;2020-17-07 15:53
233.1;0.066;50.728;233.0;0.01;36.555;233.2;0.01;79.429;233.1;0.014;30.181;2020-17-07 16:08
233.0;0.066;50.653;232.9;0.01;36.437;233.1;0.01;79.29;232.9;0.014;30.242;2020-17-07 16:23
232.8;0.066;50.531;232.7;0.01;36.457;232.8;0.01;79.202;232.7;0.014;30.502;2020-17-07 16:38
233.1;0.066;50.356;233.0;0.01;37.03;233.3;0.01;79.331;233.1;0.014;30.593;2020-17-07 16:54
233.6;0.066;50.385;233.5;0.01;37.122;233.6;0.01;80.012;233.6;0.014;30.587;2020-17-07 17:09
233.4;0.066;50.564;233.3;0.01;37.206;233.4;0.01;80.056;233.2;0.014;30.492;2020-17-07 17:24
232.9;0.066;50.633;232.8;0.01;37.308;232.9;0.01;79.816;232.8;0.014;30.432;2020-17-07 17:39
233.1;0.066;50.834;233.0;0.01;37.297;233.1;0.01;80.132;233.0;0.014;30.539;2020-17-07 17:54
233.4;0.066;51.078;233.4;0.01;37.405;233.5;0.01;80.403;233.4;0.013;30.38;2020-17-07 18:09
233.1;0.066;51.041;233.1;0.01;37.181;233.2;0.01;80.437;233.0;0.013;30.382;2020-17-07 18:24
233.0;0.066;50.653;233.0;0.01;37.261;233.0;0.01;80.157;232.8;0.013;30.366;2020-17-07 18:39
232.9;0.066;50.609;232.9;0.01;37.342;233.0;0.01;80.243;232.9;0.013;30.461;2020-17-07 18:55
